4059.36987304687  -18.06855
4060.93609464168  0.8151493
4062.50231623649  5.302147
4064.06853783131  16.89787
4065.63475942612  8.668767
4067.20098102093  -3.805955
4068.76720261574  -8.576447
4070.33342421055  -1.341873
4071.89964580536  -13.62537
4073.46586740017  3.940692
4075.03208899498  3.125066
4076.59831058979  5.703819
4078.1645321846  3.230034
4079.73075377941  27.93009
4081.29697537422  -12.43456
4082.86319696903  6.924449
4084.42941856384  4.758845
4085.99564015865  6.87648
4087.56186175346  -7.836516
4089.12808334827  9.866319
4090.69430494308  8.791246
4092.26052653789  -8.138649
4093.82674813271  -8.487038
4095.39296972752  -4.839264
4096.95919132233  -11.16042
4098.52541291714  -7.411391
4100.09163451195  4.232971
4101.65785610676  15.21569
4103.22407770157  2.81152
4104.79029929638  13.55468
4106.35652089119  9.749031
4107.922742486  4.366102
4109.48896408081  -18.6625
4111.05518567562  -15.70658
4112.62140727043  5.110178
4114.18762886524  -6.279346
4115.75385046005  -2.779534
4117.32007205486  2.373558
4118.88629364967  -12.0714
4120.45251524448  3.372897
4122.01873683929  2.787241
4123.5849584341  5.543269
4125.15118002892  9.483649
4126.71740162373  4.785776
4128.28362321854  -2.924787
4129.84984481335  -6.910139
4131.41606640816  -6.216318
4132.98228800297  12.59812
4134.54850959778  3.622451
4136.11473119259  0.2214904
4137.6809527874  7.978128
4139.24717438221  4.967897
4140.81339597702  -1.836763
4142.37961757183  -0.1290302
4143.94583916664  6.426586
4145.51206076145  -5.598503
4147.07828235626  2.287961
4148.64450395107  -10.8235
4150.21072554588  0.3753181
4151.77694714069  4.909772
4153.3431687355  -4.628266
4154.90939033031  -7.428529
4156.47561192513  7.478883
4158.04183351994  8.024896
4159.60805511475  4.245971
4161.17427670956  1.129407
4162.74049830437  2.378385
4164.30671989918  17.09616
4165.87294149399  -3.402365
4167.4391630888  -4.029003
4169.00538468361  -5.075283
4170.57160627842  -0.08902788
4172.13782787323  1.638256
4173.70404946804  -2.904216
4175.27027106285  2.559315
4176.83649265766  3.899051
4178.40271425247  0.6975532
4179.96893584728  2.128427
4181.53515744209  0.2709584
4183.1013790369  -5.902455
4184.66760063171  3.207938
4186.23382222652  10.40514
4187.80004382134  0.2092586
4189.36626541615  2.976212
4190.93248701096  -5.113827
4192.49870860577  1.495726
4194.06493020058  2.341642
4195.63115179539  4.919349
4197.1973733902  -0.4634037
4198.76359498501  -5.042869
4200.32981657982  -2.018745
4201.89603817463  5.312226
4203.46225976944  -2.138995
4205.02848136425  0.7338352
4206.59470295906  -0.9606194
4208.16092455387  -3.096601
4209.72714614868  4.687168
4211.29336774349  -4.29047
4212.8595893383  -2.049201
4214.42581093311  1.7891
4215.99203252792  -2.085963
4217.55825412273  -3.635982
4219.12447571754  -0.4353647
4220.69069731235  -0.9946699
4222.25691890717  -2.109846
4223.82314050198  -0.9031043
4225.38936209679  6.360258
4226.9555836916  -0.4512939
4228.52180528641  0.5838308
4230.08802688122  2.905943
4231.65424847603  2.283288
4233.22047007084  2.369327
4234.78669166565  -2.42446
4236.35291326046  0.7584114
4237.91913485527  1.247548
4239.48535645008  1.167491
4241.05157804489  4.941216
4242.6177996397  1.12458
4244.18402123451  -0.1199722
4245.75024282932  0.2266634
4247.31646442413  1.1551
4248.88268601894  -4.399346
4250.44890761375  -1.311996
4252.01512920857  4.238559
4253.58135080338  0.6944351
4255.14757239818  -1.671669
4256.713793993  2.192845
4258.28001558781  -1.820392
4259.84623718262  0.9883199
4261.41245877743  1.376204
4262.97868037224  -2.340155
4264.54490196705  0.4315276
4266.11112356186  1.531268
4267.67734515667  -1.923138
4269.24356675148  -2.126129
4270.80978834629  1.863566
4272.3760099411  2.506853
4273.94223153591  -0.7866135
4275.50845313072  1.319661
4277.07467472553  0.6043266
4278.64089632034  -0.3883185
4280.20711791515  -0.7441492
4281.77333950997  1.255213
4283.33956110477  0.7915905
4284.90578269959  -3.06928
4286.4720042944  0.3157779
4288.03822588921  1.630191
4289.60444748402  0.3858521
4291.17066907883  1.099149
4292.73689067364  -0.6934855
4294.30311226845  1.046963
4295.86933386326  1.153215
4297.43555545807  1.332241
4299.00177705288  4.549418
4300.56799864769  -0.9026536
4302.1342202425  -0.008024573
4303.70044183731  -0.4810841
4305.26666343212  0.8344777
4306.83288502693  -1.52588
4308.39910662174  2.047891
4309.96532821655  -1.693609
4311.53154981136  -3.231725
4313.09777140618  -0.3834823
4314.66399300099  -2.200091
4316.2302145958  -0.4413769
4317.79643619061  -2.285343
4319.36265778542  2.061629
4320.92887938023  -0.3515619
4322.49510097504  0.086115
4324.06132256985  -1.183311
4325.62754416466  -0.7965034
4327.19376575947  0.9859861
4328.75998735428  1.74815
4330.32620894909  2.188763
4331.8924305439  1.354685
4333.45865213871  -0.423749
4335.02487373352  -1.04734
4336.59109532833  -0.3794186
4338.15731692314  -1.066908
4339.72353851795  2.829474
4341.28976011276  -1.279756
4342.85598170757  -1.398634
4344.42220330238  1.254734
4345.98842489719  -0.1168087
4347.55464649201  0.4271938
4349.12086808682  0.7646862
4350.68708968163  -2.214227
4352.25331127644  2.243135
4353.81953287125  1.684059
4355.38575446606  1.123667
4356.95197606087  0.9842582
4358.51819765568  1.220562
4360.08441925049  -0.4212577
4361.6506408453  1.324332
4363.21686244011  1.473251
4364.78308403492  1.375978
4366.34930562973  -0.007870615
4367.91552722454  1.063697
4369.48174881935  2.225436
4371.04797041416  0.9267821
4372.61419200897  -2.222267
4374.18041360378  0.7584124
4375.74663519859  2.005308
4377.3128567934  -0.8463959
4378.87907838821  -1.67166
4380.44529998303  0.3830791
4382.01152157784  3.625962
4383.57774317265  1.178536
4385.14396476746  -0.768716
4386.71018636227  0.4209763
4388.27640795708  -0.3975906
4389.84262955189  0.9782621
4391.4088511467  -1.309501
4392.97507274151  -0.6889219
4394.54129433632  2.220575
4396.10751593113  2.86324
4397.67373752594  -1.267555
4399.23995912075  -0.2147788
4400.80618071556  -0.3942223
4402.37240231037  -0.3672006
4403.93862390518  2.065093
4405.50484549999  -1.270238
4407.0710670948  -0.3805123
4408.63728868961  2.297709
4410.20351028442  -0.6776619
4411.76973187923  0.5117035
4413.33595347405  -2.879863
4414.90217506886  1.829175
4416.46839666367  0.7095747
4418.03461825848  0.438058
4419.60083985329  0.3105068
4421.1670614481  -1.492759
4422.73328304291  -2.522937
4424.29950463772  0.177001
4425.86572623253  3.463969
4427.43194782734  -0.6112194
4428.99816942215  -1.974242
4430.56439101696  -1.963121
4432.13061261177  -0.6717361
4433.69683420658  2.408858
4435.26305580139  0.4270282
4436.8292773962  2.401544
4438.39549899101  -1.935894
4439.96172058582  0.1263371
4441.52794218063  -0.985118
4443.09416377545  -2.322469
4444.66038537026  -0.1614556
4446.22660696507  -0.6765723
4447.79282855988  -1.829445
4449.35905015469  0.318674
4450.9252717495  -1.088732
4452.49149334431  2.52589
4454.05771493912  0.9807158
4455.62393653393  1.162061
4457.19015812874  -1.684531
4458.75637972355  -1.390107
4460.32260131836  1.578499
4461.88882291317  0.5423627
4463.45504450798  -0.3534837
4465.02126610279  -2.041345
4466.5874876976  -0.5434387
4468.15370929241  1.376162
4469.71993088722  -0.3735888
4471.28615248203  1.132572
4472.85237407684  1.717517
4474.41859567166  -1.689058
4475.98481726647  -1.792265
4477.55103886128  -3.917958
4479.11726045609  -4.198396
4480.6834820509  -0.8837537
4482.24970364571  -1.735467
4483.81592524052  1.61576
4485.38214683533  1.220717
4486.94836843014  -0.9881582
4488.51459002495  -0.4420907
4490.08081161976  0.5164176
4491.64703321457  -3.338321
4493.21325480938  -3.17456
4494.77947640419  0.3400033
4496.345697999  -0.8405299
4497.91191959381  0.4578017
4499.47814118862  -1.902465
4501.04436278343  2.238431
4502.61058437824  0.7401861
4504.17680597305  -1.632286
4505.74302756787  -3.283683
4507.30924916268  -0.07677126
4508.87547075749  -3.958062
4510.4416923523  -3.148037
4512.00791394711  3.52888
4513.57413554192  5.832715
4515.14035713673  1.609917
4516.70657873154  1.849711
4518.27280032635  0.379992
4519.83902192116  0.4968741
4521.40524351597  1.41759
4522.97146511078  -3.493908
4524.53768670559  -1.564337
4526.1039083004  -0.7917318
4527.67012989521  1.780608
4529.23635149002  -3.147438
4530.80257308483  -1.205278
4532.36879467964  2.828373
4533.93501627445  1.818607
4535.50123786926  4.085406
4537.06745946408  -0.9679247
4538.63368105888  0.3762413
4540.1999026537  1.092606
4541.76612424851  -2.339448
4543.33234584332  5.980353
4544.89856743813  -0.9686801
4546.46478903294  0.01848435
4548.03101062775  5.633032
4549.59723222256  0.9951085
4551.16345381737  2.614922
4552.72967541218  -0.02891588
4554.29589700699  -2.930308
4555.8621186018  -1.806152
4557.42834019661  -0.3772136
4558.99456179142  1.255953
4560.56078338623  -0.8769768
4562.12700498104  -0.9998345
4563.69322657585  0.08057165
4565.25944817066  -2.256109
4566.82566976547  4.299477
4568.39189136029  1.281872
4569.95811295509  -0.3843639
4571.52433454991  4.930808
4573.09055614472  -3.906682
4574.65677773953  -1.076024
4576.22299933434  2.032684
4577.78922092915  -6.397576
4579.35544252396  -4.970045
4580.92166411877  2.964925
4582.48788571358  0.1636767
4584.05410730839  2.604727
4585.6203289032  1.674599
4587.18655049801  -3.335901
4588.75277209282  4.071196
4590.31899368763  0.4232533
4591.88521528244  7.081796
4593.45143687725  4.721853
4595.01765847206  -4.054793
4596.58388006687  -1.29546
4598.15010166168  -4.373469
4599.71632325649  6.929356
4601.28254485131  2.696953
4602.84876644612  5.123117
4604.41498804093  0.7769275
4605.98120963574  2.625679
4607.54743123055  0.6626356
4609.11365282536  4.960961
4610.67987442017  -1.170255
4612.24609601498  -2.912063
4613.81231760979  -1.169514
4615.3785392046  8.511137
4616.94476079941  5.053646
4618.51098239422  2.222946
4620.07720398903  3.24587
4621.64342558384  -5.648591
4623.20964717865  4.521266
4624.77586877346  5.534599
4626.34209036827  -1.25756
4627.90831196308  -0.2514324
4629.47453355789  0.1296914
4631.0407551527  -0.8607502
4632.60697674751  3.324266
4634.17319834233  3.953076
4635.73941993714  0.8932171
4637.30564153195  2.624206
4638.87186312676  -2.811361
4640.43808472157  5.242401
4642.00430631638  2.210773
4643.57052791119  8.054996
4645.136749506  10.65245
4646.70297110081  0.6978672
4648.26919269562  1.191283
4649.83541429043  2.108739
4651.40163588524  -2.200087
4652.96785748005  1.952331
4654.53407907486  0.5781748
4656.10030066967  -3.899668
4657.66652226448  1.180257
4659.23274385929  5.828183
4660.7989654541  6.355536
4662.36518704891  -3.893132
4663.93140864372  2.479793
4665.49763023854  2.782165
4667.06385183335  3.208273
4668.63007342816  6.346539
4670.19629502297  3.726109
4671.76251661778  5.386428
4673.32873821259  3.308742
4674.8949598074  -12.92922
4676.46118140221  2.373086
4678.02740299702  2.145425
4679.59362459183  6.585515
4681.15984618664  6.859817
4682.72606778145  -1.863659
4684.29228937626  -5.016728
4685.85851097107  -2.97286
4687.42473256588  1.298483
4688.99095416069  2.01743
4690.5571757555  4.888235
4692.12339735031  -3.068407
4693.68961894512  -0.6621726
4695.25584053993  1.601647
4696.82206213474  5.836748
4698.38828372955  -8.31321
4699.95450532437  6.524135
4701.52072691918  -7.475825
4703.08694851399  8.397059
4704.6531701088  -0.9435699
4706.21939170361  4.856276
4707.78561329842  2.27423
4709.35183489323  13.57522
4710.91805648804  18.47188
4712.48427808285  3.654856
4714.05049967766  -6.435801
4715.61672127247  -1.740799
4717.18294286728  9.905039
4718.74916446209  0.9794016
4720.3153860569  10.48141
4721.88160765171  -1.897539
4723.44782924652  5.579757
4725.01405084133  0.4144506
4726.58027243614  3.355276
4728.14649403096  -3.631464
4729.71271562577  -3.88835
4731.27893722058  -3.106498
4732.84515881539  -2.872924
4734.4113804102  6.787885
4735.97760200501  13.02044
4737.54382359982  3.133112
4739.11004519463  7.994872
4740.67626678944  -1.480265
4742.24248838425  3.894041
4743.80870997906  -7.906902
4745.37493157387  2.313622
4746.94115316868  -2.720442
4748.50737476349  -6.228249
4750.0735963583  2.240414
4751.63981795311  -3.255177
4753.20603954792  -5.461664
4754.77226114273  -10.37648
4756.33848273754  3.12802
4757.90470433235  0.7957523
4759.47092592717  2.455107
4761.03714752198  2.519813
4762.60336911679  2.236717
4764.1695907116  1.458968
4765.73581230641  -3.237762
4767.30203390122  3.989742
4768.86825549603  12.61281
4770.43447709084  1.212197
4772.00069868565  -13.72342
4773.56692028046  3.396497
4775.13314187527  9.437645
4776.69936347008  2.528941
4778.26558506489  5.199405
4779.8318066597  -5.128244
4781.39802825451  -3.753148
4782.96424984932  3.361708
4784.53047144413  5.815017
4786.09669303894  0.1695812
4787.66291463375  -8.153419
4789.22913622856  -3.049938
4790.79535782337  -5.618992
4792.36157941819  -3.173179
4793.927801013  3.025971
4795.49402260781  -5.95732
4797.06024420262  -4.189197
4798.62646579743  -8.353043
4800.19268739224  3.116456
4801.75890898705  10.69528
4803.32513058186  -5.00157
4804.89135217667  0.9680712
4806.45757377148  -13.4421
4808.02379536629  7.062215
4809.5900169611  -1.784344
4811.15623855591  -0.6049297
4812.72246015072  3.981238
4814.28868174553  4.895419
4815.85490334034  -2.350608
4817.42112493515  -3.410721
4818.98734652996  7.79261
4820.55356812477  5.854864
4822.11978971958  -5.195131
4823.6860113144  -2.058331
4825.25223290921  8.427604
4826.81845450402  -0.4446497
4828.38467609883  8.926264
4829.95089769364  15.93965
4831.51711928845  5.576683
4833.08334088326  -7.711344
4834.64956247807  -6.677634
4836.21578407288  -8.638024
4837.78200566769  6.956502
4839.3482272625  7.606505
4840.91444885731  4.180737
4842.48067045212  11.22968
4844.04689204693  6.980064
4845.61311364174  -3.631256
4847.17933523655  -1.938884
4848.74555683136  7.011325
4850.31177842617  9.331921
4851.87800002098  8.02717
4853.44422161579  7.243349
4855.0104432106  -3.100488
4856.57666480541  -0.6437266
4858.14288640023  2.461784
4859.70910799504  0.3333545
4861.27532958985  0.274251
4862.84155118466  -6.194344
4864.40777277947  2.793046
4865.97399437428  5.208065
4867.54021596909  0.03445554
4869.1064375639  5.13566
4870.67265915871  5.902671
4872.23888075352  9.661502
4873.80510234833  8.692896
4875.37132394314  9.243629
4876.93754553795  -4.206874
4878.50376713276  -1.131233
4880.06998872757  7.793364
4881.63621032238  2.654479
4883.20243191719  -7.704412
4884.768653512  0.007602215
4886.33487510681  8.143588
4887.90109670162  9.316688
4889.46731829644  13.06234
4891.03353989125  -1.590563
4892.59976148606  4.825903
4894.16598308087  8.605435
4895.73220467568  1.380824
4897.29842627049  -4.814364
4898.8646478653  18.11402
4900.43086946011  4.525103
4901.99709105492  -0.9425576
4903.56331264973  -6.420389
4905.12953424454  -0.2564569
4906.69575583935  2.748631
4908.26197743416  0.5536613
4909.82819902897  6.336657
4911.39442062378  2.241804
4912.96064221859  -2.060122
4914.5268638134  3.872752
4916.09308540821  -5.879347
4917.65930700302  10.69035
4919.22552859783  4.240273
4920.79175019264  3.731578
4922.35797178746  16.94943
4923.92419338227  4.859233
4925.49041497708  0.5595522
4927.05663657189  2.998517
4928.6228581667  16.99415
4930.18907976151  -5.764475
4931.75530135632  3.131665
4933.32152295113  -0.9603078
4934.88774454594  13.94754
4936.45396614075  7.541741
4938.02018773556  -1.434083
4939.58640933037  -2.707619
4941.15263092518  2.629912
4942.71885251999  1.71473
4944.2850741148  2.038533
4945.85129570961  -3.892048
4947.41751730442  -8.925256
4948.98373889923  12.61636
4950.54996049405  -6.9571
4952.11618208886  9.18862
4953.68240368367  4.40556
4955.24862527848  5.967245
4956.81484687329  -2.298565
4958.3810684681  -7.625296
4959.94729006291  2.585399
4961.51351165772  -2.13646
4963.07973325253  15.9602
4964.64595484734  11.13798
4966.21217644215  11.34568
4967.77839803696  1.977523
4969.34461963177  -8.371599
4970.91084122658  5.683841
4972.47706282139  5.151032
4974.0432844162  13.91928
4975.60950601101  1.471697
4977.17572760582  -9.583048
4978.74194920063  7.235673
4980.30817079544  -2.239127
4981.87439239025  3.650825
4983.44061398507  -4.637702
4985.00683557988  3.07734
4986.57305717469  14.18088
4988.1392787695  -3.006021
4989.70550036431  2.030593
4991.27172195912  -6.438719
4992.83794355393  -3.070298
4994.40416514874  12.11516
4995.97038674355  -5.347864
4997.53660833836  3.575508
4999.10282993317  5.087405
5000.66905152798  -4.114282
5002.23527312279  -4.56858
5003.8014947176  -5.271421
5005.36771631241  -9.189936
5006.93393790722  2.01464
5008.50015950203  3.943091
5010.06638109684  4.465219
5011.63260269165  11.02628
5013.19882428647  6.182231
5014.76504588127  -8.009321
5016.33126747609  14.06989
5017.8974890709  -1.346944
5019.46371066571  2.686462
5021.02993226052  2.623012
5022.59615385533  3.634739
5024.16237545014  -1.928669
5025.72859704495  -9.530669
5027.29481863976  -9.54905
5028.86104023457  -8.529866
5030.42726182938  -5.461552
5031.99348342419  12.04109
5033.559705019  -1.934373
5035.12592661381  -7.125835
5036.69214820862  2.202436
5038.25836980343  2.831379
5039.82459139824  10.61821
5041.39081299305  0.9014921
5042.95703458786  8.821789
5044.52325618267  6.45504
5046.08947777749  4.509948
5047.6556993723  10.58543
5049.22192096711  -7.419024
5050.78814256192  -0.9219685
5052.35436415673  22.325
5053.92058575154  6.293196
5055.48680734635  -0.09825015
5057.05302894116  3.72777
5058.61925053597  5.656489
5060.18547213078  2.904887
5061.75169372559  2.992817
5063.3179153204  -8.186059
5064.88413691521  7.211677
5066.45035851002  22.14219
5068.01658010483  8.606953
5069.58280169964  3.997763
5071.14902329445  4.610121
5072.71524488926  7.633389
5074.28146648407  16.87896
5075.84768807888  -12.61587
5077.4139096737  8.525695
5078.98013126851  18.51035
5080.54635286332  -9.375743
5082.11257445813  -4.594091
5083.67879605294  8.738806
5085.24501764775  11.9263
5086.81123924256  14.61048
5088.37746083737  2.166355
5089.94368243218  4.397691
5091.50990402699  0.3740137
5093.0761256218  -7.42729
5094.64234721661  15.10645
5096.20856881142  4.448287
5097.77479040623  -2.531766
5099.34101200104  -7.500082
5100.90723359585  5.840003
5102.47345519066  7.127382
5104.03967678547  10.88337
5105.60589838028  2.531652
5107.17211997509  -1.788059
5108.73834156991  -5.971691
5110.30456316472  -0.1276524
5111.87078475953  -3.65043
5113.43700635434  1.497791
5115.00322794915  2.656787
5116.56944954396  1.178024
5118.13567113877  -13.77353
5119.70189273358  17.11913
5121.26811432839  9.535564
5122.8343359232  -2.079909
5124.40055751801  -3.173998
5125.96677911282  2.40207
5127.53300070763  13.78301
5129.09922230244  1.997139
5130.66544389725  0.1219096
5132.23166549206  5.227542
5133.79788708687  9.431816
5135.36410868168  9.083568
5136.93033027649  7.41402
5138.4965518713  4.379793
5140.06277346611  2.95434
5141.62899506093  5.991133
5143.19521665574  -3.150189
5144.76143825055  5.845822
5146.32765984536  10.68776
5147.89388144017  -2.061776
5149.46010303498  5.618796
5151.02632462979  11.64345
5152.5925462246  12.88793
5154.15876781941  -2.733555
5155.72498941422  7.672686
5157.29121100903  -11.91492
5158.85743260384  4.480194
5160.42365419865  -9.349006
5161.98987579346  -10.66346
5163.55609738827  1.487696
5165.12231898308  2.213668
5166.68854057789  -2.839265
5168.2547621727  1.182791
5169.82098376752  17.7629
5171.38720536232  -0.9529445
5172.95342695714  1.202749
5174.51964855195  9.483086
5176.08587014676  2.632581
5177.65209174157  -4.4016
5179.21831333638  8.105436
5180.78453493119  11.96387
5182.350756526  -1.794429
5183.91697812081  10.81091
5185.48319971562  5.185477
5187.04942131043  -3.302602
5188.61564290524  18.99164
5190.18186450005  0.9060225
5191.74808609486  -0.5848193
5193.31430768967  1.456899
5194.88052928448  9.318058
5196.44675087929  21.40609
5198.0129724741  24.94585
5199.57919406891  12.79799
5201.14541566372  -5.743025
5202.71163725853  10.14133
5204.27785885335  12.94063
5205.84408044815  6.801347
5207.41030204297  -0.7765517
5208.97652363778  12.90957
5210.54274523259  9.311306
5212.1089668274  -6.115435
5213.67518842221  5.197624
5215.24141001702  7.558063
5216.80763161183  -2.004195
5218.37385320664  17.30573
5219.94007480145  4.245798
5221.50629639626  6.190563
5223.07251799107  2.42918
5224.63873958588  10.24256
5226.20496118069  12.49724
5227.7711827755  0.3750124
5229.33740437031  12.10482
5230.90362596512  23.57227
5232.46984755993  -1.689141
5234.03606915474  0.8670912
5235.60229074956  -0.4953339
5237.16851234437  -2.904391
5238.73473393918  8.54939
5240.30095553399  -11.03291
5241.8671771288  9.997326
5243.43339872361  11.33303
5244.99962031842  -3.740326
5246.56584191323  8.104564
5248.13206350804  1.863052
5249.69828510285  5.501895
5251.26450669766  9.233733
5252.83072829247  12.53218
5254.39694988728  8.883576
5255.96317148209  2.311735
5257.5293930769  1.313805
5259.09561467171  5.653728
5260.66183626652  16.74324
5262.22805786133  10.56757
5263.79427945614  24.76701
5265.36050105095  7.556407
5266.92672264577  -9.306746
5268.49294424058  13.47593
5270.05916583539  4.916175
5271.6253874302  8.707283
5273.19160902501  6.362299
5274.75783061982  1.847454
5276.32405221463  2.193486
5277.89027380944  16.06152
5279.45649540425  -1.768687
5281.02271699906  -4.254277
5282.58893859387  -1.046964
5284.15516018868  -4.639506
5285.72138178349  -1.113158
5287.2876033783  6.673399
5288.85382497311  15.37662
5290.42004656792  -1.991345
5291.98626816273  -3.484154
5293.55248975754  3.911136
5295.11871135235  6.228371
5296.68493294716  19.79307
5298.25115454197  13.85771
5299.81737613679  12.23265
5301.3835977316  3.453411
5302.94981932641  4.8331
5304.51604092122  13.3924
5306.08226251603  6.68005
5307.64848411084  4.797379
5309.21470570565  6.179431
5310.78092730046  10.43855
5312.34714889527  16.31524
5313.91337049008  16.37769
5315.47959208489  2.72301
5317.0458136797  -4.491011
5318.61203527451  14.4442
5320.17825686932  -1.769871
5321.74447846413  4.61708
5323.31070005894  10.87024
5324.87692165375  6.552468
5326.44314324856  11.66894
5328.00936484337  -3.099281
5329.57558643818  -0.006717205
5331.14180803299  4.690123
5332.7080296278  1.940602
5334.27425122262  -5.926005
5335.84047281743  -7.389513
5337.40669441224  7.601258
5338.97291600705  4.158504
5340.53913760186  10.32845
5342.10535919667  7.767885
5343.67158079148  8.504992
5345.23780238629  1.340658
5346.8040239811  3.898844
5348.37024557591  11.65351
5349.93646717072  15.9879
5351.50268876553  2.206939
5353.06891036034  8.617678
5354.63513195515  8.989399
5356.20135354996  7.256955
5357.76757514477  2.354051
5359.33379673958  8.093027
5360.90001833439  5.665863
5362.4662399292  13.89628
5364.03246152401  9.594566
5365.59868311883  10.28556
5367.16490471364  7.25452
5368.73112630845  -7.896295
5370.29734790326  6.366718
5371.86356949807  11.28334
5373.42979109288  16.20982
5374.99601268769  22.43115
5376.5622342825  10.49628
5378.12845587731  11.83579
5379.69467747212  19.73489
5381.26089906693  -1.217415
5382.82712066174  7.552506
5384.39334225655  12.39224
5385.95956385136  -4.702555
5387.52578544617  9.639437
5389.09200704098  11.65156
5390.65822863579  9.307789
5392.2244502306  10.7514
5393.79067182542  10.77847
5395.35689342023  1.58551
5396.92311501504  0.5689889
5398.48933660985  12.35857
5400.05555820466  8.153019
5401.62177979947  8.18459
5403.18800139428  21.48715
5404.75422298909  3.29989
5406.3204445839  17.46231
5407.88666617871  10.67679
5409.45288777352  18.85851
5411.01910936833  8.588642
5412.58533096314  6.748947
5414.15155255795  9.674984
5415.71777415276  7.132252
5417.28399574757  0.8379071
5418.85021734238  6.875142
5420.41643893719  7.836253
5421.982660532  13.48188
5423.54888212681  17.3743
5425.11510372163  8.136911
5426.68132531644  6.54676
5428.24754691125  5.665343
5429.81376850606  3.546115
5431.37999010087  16.2719
5432.94621169568  22.86215
5434.51243329049  15.51941
5436.0786548853  5.526286
5437.64487648011  14.33893
5439.21109807492  2.836761
5440.77731966973  -4.753738
5442.34354126454  8.519335
5443.90976285935  16.66165
5445.47598445416  8.772812
5447.04220604897  12.04173
5448.60842764378  6.854014
5450.17464923859  -2.545462
5451.7408708334  0.5296744
5453.30709242821  -0.7792606
5454.87331402302  -6.828609
5456.43953561783  -2.309843
5458.00575721265  11.84751
5459.57197880746  5.098341
5461.13820040227  7.405673
5462.70442199708  7.480569
5464.27064359189  8.382607
5465.8368651867  7.97257
5467.40308678151  6.90817
5468.96930837632  6.700599
5470.53552997113  -4.569041
5472.10175156594  6.581496
5473.66797316075  16.87946
5475.23419475556  0.8734317
5476.80041635037  1.27318
5478.36663794518  17.93296
5479.93285953999  8.703871
5481.4990811348  9.445544
5483.06530272961  11.63308
5484.63152432442  11.21749
5486.19774591923  8.125316
5487.76396751404  2.380221
5489.33018910885  15.64815
5490.89641070367  4.876092
5492.46263229848  1.049176
5494.02885389329  10.79503
5495.5950754881  16.56282
5497.16129708291  4.540221
5498.72751867772  1.691387
5500.29374027253  -4.740714
5501.85996186734  13.83335
5503.42618346215  12.48298
5504.99240505696  5.633835
5506.55862665177  11.8851
5508.12484824658  8.066452
5509.69106984139  5.55619
5511.2572914362  11.98604
5512.82351303101  11.29321
5514.38973462582  -2.543453
5515.95595622063  8.90718
5517.52217781544  20.86802
5519.08839941025  12.87065
5520.65462100506  2.229094
5522.22084259987  1.525982
5523.78706419469  18.22448
5525.35328578949  9.733059
5526.91950738431  -4.145765
5528.48572897912  5.853772
5530.05195057393  10.43255
5531.61817216874  11.4001
5533.18439376355  5.783653
5534.75061535836  10.18941
5536.31683695317  6.864637
5537.88305854798  9.23867
5539.44928014279  10.43569
5541.0155017376  5.299644
5542.58172333241  11.42709
5544.14794492722  18.0384
5545.71416652203  9.001938
5547.28038811684  7.858764
5548.84660971165  0.4209474
5550.41283130646  8.319292
5551.97905290127  18.41814
5553.54527449609  6.917663
5555.11149609089  3.092139
5556.6777176857  11.79135
5558.24393928052  -8.555621
5559.81016087533  8.997372
5561.37638247014  16.31278
5562.94260406495  0.9649825
5564.50882565976  -3.551208
5566.07504725457  11.48184
5567.64126884938  8.72227
5569.20749044419  20.08336
5570.773712039  3.252871
5572.33993363381  5.774173
5573.90615522862  11.20532
5575.47237682343  -0.02885437
5577.03859841824  16.56915
5578.60482001305  28.104
5580.17104160786  -21.77378
5581.73726320267  7.778279
5583.30348479748  8.245319
5584.8697063923  1.239971
5586.4359279871  18.02487
5588.00214958191  7.844031
5589.56837117673  9.641298
5591.13459277154  14.69525
5592.70081436635  12.48398
5594.26703596116  8.951482
5595.83325755597  9.896317
5597.39947915078  11.52449
5598.96570074559  6.574606
5600.5319223404  8.512882
5602.09814393521  13.98887
5603.66436553002  11.42054
5605.23058712483  2.427977
5606.79680871964  -0.8998426
5608.36303031445  5.368397
5609.92925190926  18.29429
5611.49547350407  7.766426
5613.06169509888  12.89156
5614.62791669369  14.57226
5616.1941382885  9.787212
5617.76035988332  8.282678
5619.32658147813  2.28771
5620.89280307294  -0.7773055
5622.45902466775  19.66508
5624.02524626256  13.17495
5625.59146785737  5.039613
5627.15768945218  3.858753
5628.72391104699  12.182
5630.2901326418  8.279819
5631.85635423661  8.88378
5633.42257583142  18.46069
5634.98879742623  -1.146721
5636.55501902104  2.724739
5638.12124061585  6.589464
5639.68746221066  14.38711
5641.25368380547  24.9534
5642.81990540028  6.048782
5644.38612699509  -1.58803
5645.9523485899  18.78372
5647.51857018471  15.07368
5649.08479177953  4.650865
5650.65101337434  8.934593
5652.21723496915  7.095546
5653.78345656396  4.929498
5655.34967815877  9.198721
5656.91589975358  -2.280005
5658.48212134839  7.776711
5660.0483429432  16.50228
5661.61456453801  8.398948
5663.18078613282  7.179193
5664.74700772763  16.4742
5666.31322932244  11.24187
5667.87945091725  13.63814
5669.44567251206  11.74483
5671.01189410687  5.493185
5672.57811570168  0.357898
5674.14433729649  2.725738
5675.7105588913  7.433456
5677.27678048611  3.136449
5678.84300208092  6.242999
5680.40922367573  16.33528
5681.97544527054  13.86739
5683.54166686536  19.0725
5685.10788846017  4.307951
5686.67411005498  8.13965
5688.24033164979  6.569147
5689.8065532446  13.02502
5691.37277483941  13.2748
5692.93899643422  7.866438
5694.50521802903  13.02931
5696.07143962384  28.24929
5697.63766121865  9.197855
5699.20388281346  3.414508
5700.77010440827  14.84891
5702.33632600308  12.87934
5703.90254759789  13.88389
5705.4687691927  4.960144
5707.03499078751  -0.3731365
5708.60121238232  11.77765
5710.16743397713  9.159476
5711.73365557195  -1.220798
5713.29987716675  15.95269
5714.86609876157  25.73763
5716.43232035638  19.81457
5717.99854195119  5.638245
5719.564763546  7.76862
5721.13098514081  6.976291
5722.69720673562  14.59005
5724.26342833043  8.620778
5725.82964992524  12.20397
5727.39587152005  11.61603
5728.96209311486  8.850928
5730.52831470967  2.264438
5732.09453630448  13.46064
5733.66075789929  11.16305
5735.2269794941  11.24395
5736.79320108891  2.807695
5738.35942268372  17.19146
5739.92564427853  5.383066
5741.49186587334  6.58054
5743.05808746815  11.2417
5744.62430906296  15.46292
5746.19053065778  11.14413
5747.75675225259  15.85694
5749.3229738474  4.481791
5750.88919544221  11.54117
5752.45541703702  21.10828
5754.02163863183  -0.7209361
5755.58786022664  9.655843
5757.15408182145  4.118068
5758.72030341626  6.904221
5760.28652501107  9.370245
5761.85274660588  16.02134
5763.41896820069  12.32731
5764.9851897955  9.623842
5766.55141139031  8.907633
5768.11763298512  -2.406971
5769.68385457993  10.31238
5771.25007617474  14.3857
5772.81629776955  11.88035
5774.38251936436  12.55978
5775.94874095917  21.21111
5777.51496255399  10.95362
5779.0811841488  12.17238
5780.64740574361  6.222586
5782.21362733842  4.805202
5783.77984893323  3.079089
5785.34607052804  1.86289
5786.91229212285  5.762064
5788.47851371766  12.11008
5790.04473531247  7.999958
5791.61095690728  16.65004
5793.17717850209  7.623747
5794.7434000969  2.273879
5796.30962169171  12.75678
5797.87584328652  7.380275
5799.44206488133  18.76188
5801.00828647614  4.767052
5802.57450807095  -0.2117991
5804.14072966576  7.061482
5805.70695126057  16.51486
5807.27317285538  9.152683
5808.83939445019  16.08038
5810.40561604501  16.763
5811.97183763982  3.494336
5813.53805923463  1.228418
5815.10428082944  15.33262
5816.67050242425  23.75131
5818.23672401906  21.14262
5819.80294561387  14.00455
5821.36916720868  7.289183
5822.93538880349  7.454717
5824.5016103983  11.70993
5826.06783199311  12.72427
5827.63405358792  17.97509
5829.20027518273  5.943641
5830.76649677754  20.73769
5832.33271837235  31.92378
5833.89893996716  27.56838
5835.46516156197  8.151749
5837.03138315678  7.340021
5838.59760475159  12.28652
5840.1638263464  13.54278
5841.73004794122  7.961929
5843.29626953603  8.59445
5844.86249113084  18.84934
5846.42871272565  17.44333
5847.99493432046  17.22329
5849.56115591527  9.990292
5851.12737751008  11.46214
5852.69359910489  4.589048
5854.2598206997  9.523342
5855.82604229451  11.49976
5857.39226388932  16.94342
5858.95848548413  22.75269
5860.52470707894  3.223013
5862.09092867375  12.18162
5863.65715026856  2.851222
5865.22337186337  8.906822
5866.78959345818  9.043879
5868.355815053  28.84611
5869.9220366478  31.63013
5871.48825824261  18.26576
5873.05447983743  19.96182
5874.62070143224  23.64481
5876.18692302705  -4.798473
5877.75314462186  14.54833
5879.31936621667  7.051923
5880.88558781148  -1.461897
5882.45180940629  5.963924
5884.0180310011  17.5495
5885.58425259591  3.841042
5887.15047419072  -39.47752
5888.71669578553  -48.53888
5890.28291738034  67.49915
5891.84913897515  -20.35599
5893.41536056996  -21.70239
5894.98158216477  -1.532257
5896.54780375958  36.19586
5898.11402535439  6.823822
5899.6802469492  -10.28347
5901.24646854401  18.7307
5902.81269013882  7.031028
5904.37891173363  8.8813
5905.94513332845  15.92642
5907.51135492326  -2.185228
5909.07757651807  5.292089
5910.64379811288  19.16328
5912.21001970769  4.159103
5913.7762413025  13.60746
5915.34246289731  12.48126
5916.90868449212  5.530044
5918.47490608693  18.19465
5920.04112768174  8.59466
5921.60734927655  10.1345
5923.17357087136  19.91676
5924.73979246617  4.31746
5926.30601406098  5.173422
5927.87223565579  24.60508
5929.4384572506  19.30434
5931.00467884541  9.55742
5932.57090044022  20.01722
5934.13712203503  15.79513
5935.70334362985  16.35094
5937.26956522466  13.36165
5938.83578681947  9.87119
5940.40200841428  17.28523
5941.96823000909  16.90597
5943.5344516039  9.66993
5945.10067319871  9.540548
5946.66689479352  6.645078
5948.23311638833  23.46098
5949.79933798314  27.16103
5951.36555957795  23.47071
5952.93178117276  28.50006
5954.49800276757  19.24817
5956.06422436238  8.285919
5957.63044595719  14.94293
5959.196667552  20.90127
5960.76288914681  29.76853
5962.32911074162  -5.193802
5963.89533233643  2.767844
5965.46155393124  23.17501
5967.02777552605  4.396996
5968.59399712087  16.97629
5970.16021871567  25.37513
5971.72644031049  11.78848
5973.2926619053  27.58539
5974.85888350011  26.79132
5976.42510509492  8.02797
5977.99132668973  16.64383
5979.55754828454  23.80453
5981.12376987935  13.47941
5982.68999147416  12.37494
5984.25621306897  2.849156
5985.82243466378  12.46429
5987.38865625859  19.77473
5988.9548778534  20.865
5990.52109944821  21.96929
5992.08732104302  10.39902
5993.65354263783  15.4241
5995.21976423264  13.4688
5996.78598582745  17.29576
5998.35220742226  24.68887
5999.91842901707  22.66635
6001.48465061189  21.07162
6003.0508722067  30.17405
6004.61709380151  14.48427
6006.18331539632  30.5081
6007.74953699113  18.38557
6009.31575858594  19.57059
6010.88198018075  9.553965
6012.44820177556  -0.5614794
6014.01442337037  10.58576
6015.58064496518  9.935011
6017.14686655999  7.875513
6018.7130881548  5.719619
6020.27930974961  14.42362
6021.84553134442  23.03317
6023.41175293923  36.06263
6024.97797453404  29.68412
6026.54419612885  5.835254
6028.11041772366  10.37095
6029.67663931847  32.89275
6031.24286091328  11.85341
6032.8090825081  11.23799
6034.37530410291  8.724953
6035.94152569772  8.986662
6037.50774729253  11.05386
6039.07396888734  11.13396
6040.64019048215  10.76687
6042.20641207696  32.19191
6043.77263367177  27.68105
6045.33885526658  23.14224
6046.90507686139  13.26853
6048.4712984562  19.27385
6050.03752005101  8.413565
6051.60374164582  7.763905
6053.16996324063  15.51862
6054.73618483544  17.74839
6056.30240643025  25.48251
6057.86862802506  9.351778
6059.43484961987  17.24463
6061.00107121469  14.18479
6062.56729280949  9.900147
6064.13351440431  14.33824
6065.69973599912  10.64568
6067.26595759393  5.262713
6068.83217918874  8.35099
6070.39840078355  14.48095
6071.96462237836  21.36233
6073.53084397317  15.88144
6075.09706556798  9.914566
6076.66328716279  9.580939
6078.2295087576  21.33363
6079.79573035241  15.07088
6081.36195194722  9.461853
6082.92817354203  23.81292
6084.49439513684  14.29615
6086.06061673165  19.81651
6087.62683832646  12.74597
6089.19305992127  21.94115
6090.75928151608  5.230041
6092.32550311089  5.717223
6093.89172470571  14.41269
6095.45794630052  18.78536
6097.02416789533  17.24131
6098.59038949014  9.612481
6100.15661108495  14.23568
6101.72283267976  15.48204
6103.28905427457  26.09507
6104.85527586938  22.11548
6106.42149746419  29.62834
6107.987719059  19.60663
6109.55394065381  22.36575
6111.12016224862  10.05185
6112.68638384343  11.17196
6114.25260543824  5.122802
6115.81882703305  7.294771
6117.38504862786  19.77653
6118.95127022267  17.26546
6120.51749181748  11.07992
6122.08371341229  22.01559
6123.6499350071  33.24419
6125.21615660191  2.430118
6126.78237819673  3.203166
6128.34859979153  34.90154
6129.91482138635  17.84787
6131.48104298116  16.09631
6133.04726457597  29.72742
6134.61348617078  5.80597
6136.17970776559  6.941271
6137.7459293604  8.664408
6139.31215095521  18.73662
6140.87837255002  30.68716
6142.44459414483  14.17066
6144.01081573964  10.46886
6145.57703733445  33.73764
6147.14325892926  22.52719
6148.70948052407  33.04314
6150.27570211888  5.850411
6151.84192371369  28.74674
6153.4081453085  31.50929
6154.97436690331  31.71522
6156.54058849812  13.8835
6158.10681009293  0.3310378
6159.67303168775  17.99249
6161.23925328256  24.37058
6162.80547487737  10.41156
6164.37169647218  27.13953
6165.93791806699  24.1779
6167.5041396618  18.47856
6169.07036125661  31.98337
6170.63658285142  23.11823
6172.20280444623  32.67772
6173.76902604104  12.09018
6175.33524763585  22.42769
6176.90146923066  19.67678
6178.46769082547  16.51925
6180.03391242028  20.2984
6181.60013401509  0.4931083
6183.1663556099  8.681658
6184.73257720471  23.00072
6186.29879879952  17.70627
6187.86502039433  6.43882
6189.43124198914  12.64007
6190.99746358396  4.0807
6192.56368517877  36.75327
6194.12990677358  19.67011
6195.69612836839  10.54653
6197.2623499632  20.31114
6198.82857155801  15.88084
6200.39479315282  10.2878
6201.96101474763  25.89482
6203.52723634244  24.3825
6205.09345793725  17.38832
6206.65967953206  16.74011
6208.22590112687  17.21318
6209.79212272168  28.10793
6211.35834431649  16.53164
6212.9245659113  21.35824
6214.49078750611  11.11334
6216.05700910092  12.47763
6217.62323069573  28.48439
6219.18945229054  16.3236
6220.75567388535  11.39666
6222.32189548017  24.61379
6223.88811707497  27.32771
6225.45433866979  10.48757
6227.0205602646  22.23252
6228.58678185941  11.07665
6230.15300345422  21.11637
6231.71922504903  11.43456
6233.28544664384  19.38753
6234.85166823865  9.904049
6236.41788983346  13.54115
6237.98411142827  12.73483
6239.55033302308  17.63154
6241.11655461789  23.77703
6242.6827762127  12.16161
6244.24899780751  17.72597
6245.81521940232  18.00296
6247.38144099713  23.48789
6248.94766259194  21.89122
6250.51388418675  19.2392
6252.08010578156  14.22718
6253.64632737637  29.19614
6255.21254897118  16.82299
6256.778770566  19.65284
6258.34499216081  1.160613
6259.91121375562  17.54728
6261.47743535043  43.20417
6263.04365694524  16.91978
6264.60987854005  15.9962
6266.17610013486  24.00898
6267.74232172967  12.5073
6269.30854332448  6.830889
6270.87476491929  16.12986
6272.4409865141  21.866
6274.00720810891  7.70879
6275.57342970372  1.001694
6277.13965129853  15.42149
6278.70587289334  1.441867
6280.27209448815  27.2249
6281.83831608296  20.77834
6283.40453767777  8.189953
6284.97075927259  31.22594
6286.53698086739  29.03375
6288.10320246221  25.70231
6289.66942405702  12.62656
6291.23564565183  7.222142
6292.80186724664  28.84498
6294.36808884145  22.59076
6295.93431043626  -2.381782
6297.50053203107  14.21109
6299.06675362588  7.590714
6300.63297522069  43.8469
6302.1991968155  20.79609
6303.76541841031  23.81839
6305.33164000512  20.5897
6306.89786159993  18.33594
6308.46408319474  12.93654
6310.03030478955  21.22638
6311.59652638436  5.531297
6313.16274797917  38.22316
6314.72896957398  12.65633
6316.2951911688  23.38529
6317.86141276361  17.68057
6319.42763435841  26.83989
6320.99385595323  11.03909
6322.56007754804  12.4411
6324.12629914285  13.43878
6325.69252073766  24.27131
6327.25874233247  4.725325
6328.82496392728  2.21853
6330.39118552209  0.2506094
6331.9574071169  1.559339
6333.52362871171  27.91559
6335.08985030652  19.62185
6336.65607190133  6.770784
6338.22229349614  25.62224
6339.78851509095  23.42864
6341.35473668576  13.24012
6342.92095828057  5.841394
6344.48717987538  9.346083
6346.05340147019  6.016348
6347.61962306501  19.77032
6349.18584465982  18.18881
6350.75206625462  19.33182
6352.31828784944  23.05676
6353.88450944425  4.128391
6355.45073103906  23.47437
6357.01695263387  17.82807
6358.58317422868  19.21734
6360.14939582349  13.70159
6361.7156174183  21.37213
6363.28183901311  33.20057
6364.84806060792  33.48268
6366.41428220273  5.524227
6367.98050379754  21.55389
6369.54672539235  17.63122
6371.11294698716  25.98171
6372.67916858197  22.98327
6374.24539017678  40.64697
6375.81161177159  32.67028
6377.3778333664  11.97201
6378.94405496121  28.32264
6380.51027655602  27.30828
6382.07649815083  20.91613
6383.64271974565  13.24096
6385.20894134046  8.864342
6386.77516293527  32.41001
6388.34138453008  28.33377
6389.90760612489  10.1999
6391.4738277197  2.882837
6393.04004931451  22.50857
6394.60627090932  12.07033
6396.17249250413  20.5946
6397.73871409894  14.55796
6399.30493569375  23.04191
6400.87115728856  17.88269
6402.43737888337  26.39908
6404.00360047818  9.570475
6405.56982207299  18.95759
6407.1360436678  30.08625
6408.70226526261  22.51084
6410.26848685743  15.7318
6411.83470845223  18.0891
6413.40093004704  21.09284
6414.96715164186  20.67879
6416.53337323667  32.18999
6418.09959483148  26.86548
6419.66581642629  14.6374
6421.2320380211  19.6624
6422.79825961591  12.39615
6424.36448121072  18.6279
6425.93070280553  8.666258
6427.49692440034  13.71386
6429.06314599515  14.91398
6430.62936758996  17.27539
6432.19558918477  11.64612
6433.76181077958  20.00092
6435.32803237439  25.51183
6436.8942539692  27.81162
6438.46047556401  30.00157
6440.02669715882  25.31814
6441.59291875363  5.399485
6443.15914034844  25.56329
6444.72536194325  20.36991
6446.29158353806  15.29601
6447.85780513288  9.987895
6449.42402672769  12.03749
6450.9902483225  25.39421
6452.55646991731  22.79316
6454.12269151212  7.220846
6455.68891310693  29.34115
6457.25513470174  21.1385
6458.82135629655  27.55914
6460.38757789136  24.87521
6461.95379948617  24.0581
6463.52002108098  3.651968
6465.08624267579  30.11816
6466.6524642706  21.16897
6468.21868586541  13.08443
6469.78490746022  -1.382524
6471.35112905503  10.87475
6472.91735064984  24.58723
6474.48357224465  4.399406
6476.04979383946  27.92195
6477.61601543427  23.4787
6479.18223702908  4.709
6480.7484586239  8.2759
6482.31468021871  26.77854
6483.88090181352  16.52087
6485.44712340833  16.7195
6487.01334500314  13.84145
6488.57956659795  17.46931
6490.14578819276  10.17377
6491.71200978757  16.91873
6493.27823138238  26.00886
6494.84445297719  22.13323
6496.410674572  8.565175
6497.97689616681  16.79377
6499.54311776162  18.18102
6501.10933935643  19.3707
6502.67556095124  18.34475
6504.24178254605  20.17251
6505.80800414087  11.07185
6507.37422573567  5.708471
6508.94044733049  20.78614
6510.5066689253  24.30131
6512.0728905201  34.77236
6513.63911211492  20.06583
6515.20533370973  -0.6754795
6516.77155530454  9.328892
6518.33777689935  5.545448
6519.90399849416  10.38329
6521.47022008897  -0.690341
6523.03644168378  16.90686
6524.60266327859  1.39555
6526.1688848734  2.254827
6527.73510646821  19.94864
6529.30132806302  25.24694
6530.86754965783  15.8955
6532.43377125264  9.876853
6533.99999284745  11.94177
6535.56621444226  -2.548957
6537.13243603707  1.849945
6538.69865763188  16.93458
6540.2648792267  11.40077
6541.83110082151  17.62455
6543.39732241632  4.239143
6544.96354401113  20.3394
6546.52976560594  4.816742
6548.09598720075  -2.787457
6549.66220879556  16.53729
6551.22843039037  19.40237
6552.79465198518  8.992949
6554.36087357999  4.370261
6555.9270951748  26.05616
6557.49331676961  12.87711
6559.05953836442  0.07451522
6560.62575995923  18.71387
6562.19198155404  11.7459
6563.75820314885  13.1505
6565.32442474366  28.33563
6566.89064633847  28.94856
6568.45686793328  30.61768
6570.02308952809  17.26271
6571.58931112291  15.69457
6573.15553271772  9.953111
6574.72175431253  13.01388
6576.28797590734  23.81246
6577.85419750215  27.91939
6579.42041909696  21.07261
6580.98664069177  15.15442
6582.55286228658  13.57515
6584.11908388139  13.95032
6585.6853054762  20.17639
6587.25152707101  16.079
6588.81774866582  9.059308
6590.38397026063  12.39209
6591.95019185544  11.52879
6593.51641345025  6.457107
6595.08263504506  10.89907
6596.64885663987  19.8277
6598.21507823468  9.827036
6599.78129982949  10.34369
6601.3475214243  13.68009
6602.91374301911  7.482787
6604.47996461392  16.38394
6606.04618620874  24.24244
6607.61240780355  27.51101
6609.17862939836  13.91211
6610.74485099317  15.1721
6612.31107258798  11.97852
6613.87729418279  5.370033
6615.4435157776  16.34052
6617.00973737241  18.58505
6618.57595896722  26.28013
6620.14218056203  18.53738
6621.70840215684  19.69462
6623.27462375165  15.40331
6624.84084534646  16.99067
6626.40706694127  12.1563
6627.97328853608  14.37199
6629.53951013089  12.94961
6631.1057317257  12.84001
6632.67195332051  -3.79
6634.23817491533  5.921969
6635.80439651013  12.87119
6637.37061810494  16.43721
6638.93683969976  12.3542
6640.50306129457  11.75997
6642.06928288938  5.290608
6643.63550448419  9.67835
6645.201726079  9.123262
6646.76794767381  13.27131
6648.33416926862  13.7513
6649.90039086343  9.863363
6651.46661245824  7.656364
6653.03283405305  16.34184
6654.59905564786  20.70831
6656.16527724267  3.280775
6657.73149883748  17.51202
6659.29772043229  25.18225
6660.8639420271  15.05994
6662.43016362191  8.152388
6663.99638521672  3.68601
6665.56260681153  7.29558
6667.12882840634  10.38183
6668.69505000115  11.9214
6670.26127159596  2.842484
6671.82749319078  9.759233
6673.39371478559  9.251185
6674.9599363804  16.75805
6676.52615797521  13.26479
6678.09237957002  9.607046
6679.65860116483  12.05502
6681.22482275964  14.50968
6682.79104435445  15.56551
6684.35726594926  20.84297
6685.92348754407  16.54997
6687.48970913888  5.715075
6689.05593073369  5.055842
6690.6221523285  16.20625
6692.18837392331  13.60487
6693.75459551812  10.48546
6695.32081711293  12.76668
6696.88703870774  24.49992
6698.45326030256  16.991
6700.01948189736  12.14025
6701.58570349218  7.816609
6703.15192508699  13.13878
6704.7181466818  3.612436
6706.28436827661  6.007774
6707.85058987142  8.755091
6709.41681146623  12.50926
6710.98303306104  11.0388
6712.54925465585  1.060084
6714.11547625066  6.653502
6715.68169784547  7.561555
6717.24791944028  14.92214
6718.81414103509  16.79835
6720.3803626299  10.684
6721.94658422471  -2.516012
6723.51280581952  -3.303404
6725.07902741433  2.327547
6726.64524900914  7.80457
6728.21147060395  4.31601
6729.77769219876  13.54033
6731.34391379358  12.57894
6732.91013538839  8.194973
6734.4763569832  2.597228
6736.04257857801  9.421759
6737.60880017282  12.94654
6739.17502176763  4.635428
6740.74124336244  9.460181
6742.30746495725  13.40796
6743.87368655206  5.676562
6745.43990814687  6.141672
6747.00612974168  9.694927
6748.57235133649  4.334898
6750.1385729313  6.081245
6751.70479452611  18.82553
6753.27101612092  9.463922
6754.83723771573  10.94229
6756.40345931054  7.654185
6757.96968090535  8.387796
6759.53590250016  7.081342
6761.10212409497  13.72645
6762.66834568978  17.93806
6764.2345672846  13.01357
6765.80078887941  15.98352
6767.36701047422  21.74932
6768.93323206903  8.613881
6770.49945366384  8.632702
6772.06567525865  4.322762
6773.63189685346  6.184545
6775.19811844827  6.716125
6776.76434004308  8.450804
6778.33056163789  8.826612
6779.8967832327  11.97541
6781.46300482751  8.090752
6783.02922642232  3.027228
6784.59544801713  8.569307
6786.16166961194  -0.4013386
6787.72789120675  6.151914
6789.29411280156  13.95523
6790.86033439637  6.79617
6792.42655599119  9.74012
6793.99277758599  21.78539
6795.55899918081  23.37156
6797.12522077562  19.32224
6798.69144237043  8.456996
6800.25766396524  9.887609
6801.82388556005  12.05213
6803.39010715486  4.319196
6804.95632874967  1.34642
6806.52255034448  5.905431
6808.08877193929  15.25748
6809.6549935341  6.338968
6811.22121512891  6.757416
6812.78743672372  8.356569
6814.35365831853  10.51812
6815.91987991334  13.74269
6817.48610150815  9.368181
6819.05232310296  6.338961
6820.61854469777  2.324945
6822.18476629258  7.710488
6823.75098788739  2.896455
6825.3172094822  11.73406
6826.88343107701  6.1107
6828.44965267182  17.98154
6830.01587426664  13.59971
6831.58209586145  14.73651
6833.14831745626  5.728953
6834.71453905107  -0.4135294
6836.28076064588  -3.13801
6837.84698224069  1.241222
6839.4132038355  17.23135
6840.97942543031  -8.915473
6842.54564702512  5.435343
6844.11186861993  16.78735
6845.67809021474  5.616478
6847.24431180955  15.24356
6848.81053340436  14.42224
6850.37675499917  5.027287
6851.94297659398  -5.511751
6853.50919818879  6.238729
6855.0754197836  5.387578
6856.64164137841  1.29406
6858.20786297323  5.269459
6859.77408456804  1.194969
6861.34030616284  4.554531
6862.90652775766  -1.095719
6864.47274935247  4.951128
6866.03897094728  9.558239
6867.60519254209  6.899039
6869.1714141369  -1.762743
6870.73763573171  -1.513169
6872.30385732652  -1.44276
6873.87007892133  1.440403
6875.43630051614  4.626812
6877.00252211095  2.899771
6878.56874370576  -3.887306
6880.13496530057  11.62323
6881.70118689538  10.03632
6883.26740849019  -8.445297
6884.833630085  11.58209
6886.39985167981  9.656709
6887.96607327462  -0.7963252
6889.53229486944  9.894375
6891.09851646425  3.655225
6892.66473805905  -2.414612
6894.23095965387  12.80096
6895.79718124868  9.683213
6897.36340284349  1.531824
6898.9296244383  4.999781
6900.49584603311  -0.06155205
6902.06206762792  0.5868607
6903.62828922273  5.410322
6905.19451081754  6.692601
6906.76073241235  -4.976996
6908.32695400716  3.098269
6909.89317560197  12.19795
6911.45939719678  16.2898
6913.02561879159  10.72488
6914.5918403864  3.976474
6916.15806198121  8.751436
6917.72428357602  -0.06948376
6919.29050517083  7.306195
6920.85672676564  7.797966
6922.42294836045  8.409296
6923.98916995527  6.057773
6925.55539155008  12.13293
6927.12161314489  1.806258
6928.6878347397  11.56311
6930.25405633451  4.320501
6931.82027792932  2.508161
6933.38649952413  6.84756
6934.95272111894  1.343102
6936.51894271375  5.856352
6938.08516430856  7.273257
6939.65138590337  -3.521328
6941.21760749818  -9.810585
6942.78382909299  12.68626
6944.3500506878  8.224836
6945.91627228261  -1.851003
6947.48249387742  -1.084412
6949.04871547223  6.443769
6950.61493706705  6.696891
6952.18115866185  1.427801
6953.74738025667  -5.258872
6955.31360185148  8.835672
6956.87982344629  -0.5958352
6958.4460450411  2.640929
6960.01226663591  2.123961
6961.57848823072  11.54972
6963.14470982553  9.251964
6964.71093142034  11.36767
6966.27715301515  11.17373
6967.84337460996  2.374035
6969.40959620477  1.877762
6970.97581779958  -1.160265
6972.54203939439  6.749752
6974.1082609892  1.076998
6975.67448258401  2.010465
6977.24070417882  2.175235
6978.80692577363  4.485912
6980.37314736844  -2.145236
6981.93936896325  1.919773
6983.50559055806  3.236157
6985.07181215287  12.35419
6986.63803374768  -4.634444
6988.2042553425  -4.067651
6989.77047693731  1.078678
6991.33669853212  0.9991784
6992.90292012693  11.44717
6994.46914172174  3.238008
6996.03536331655  0.7953572
6997.60158491136  -2.411976
6999.16780650617  3.15129
7000.73402810098  7.549046
7002.30024969579  3.393389
7003.8664712906  -1.46976
7005.43269288541  9.677235
7006.99891448022  2.007939
7008.56513607503  2.527895
7010.13135766984  6.718455
7011.69757926465  9.347232
7013.26380085946  13.05447
7014.83002245427  0.009783745
7016.39624404909  8.241774
7017.96246564389  8.609403
7019.52868723871  -4.521385
7021.09490883352  0.04872131
7022.66113042833  5.169607
7024.22735202314  0.3700404
7025.79357361795  3.811808
7027.35979521276  0.2765117
7028.92601680757  -1.714268
7030.49223840238  -2.386092
7032.05845999719  -1.298819
7033.624681592  -0.8297791
7035.19090318681  7.429463
7036.75712478162  -3.212893
7038.32334637643  9.019911
7039.88956797124  -1.004436
7041.45578956605  3.970866
7043.02201116086  0.09513044
7044.58823275567  8.516267
7046.15445435048  12.35628
7047.7206759453  0.7558041
7049.2868975401  7.067248
7050.85311913492  0.7311535
7052.41934072973  -0.789937
7053.98556232454  8.80839
7055.55178391935  -0.8181715
7057.11800551416  -5.650057
7058.68422710897  6.885109
7060.25044870378  4.731828
7061.81667029859  -5.293828
7063.3828918934  5.428211
7064.94911348821  -1.028326
7066.51533508302  -1.130784
7068.08155667783  -1.701948
7069.64777827264  1.865818
7071.21399986745  3.479944
7072.78022146226  3.987183
7074.34644305707  6.322716
7075.91266465188  13.02701
7077.47888624669  -0.4145179
7079.0451078415  2.170081
7080.61132943631  -0.4350653
7082.17755103113  9.527724
7083.74377262594  -1.558163
7085.30999422075  9.334197
7086.87621581556  -2.989587
7088.44243741037  0.0790863
7090.00865900518  3.964626
7091.57488059999  -2.521398
7093.1411021948  13.58673
7094.70732378961  4.509639
7096.27354538442  4.910377
7097.83976697923  -11.07442
7099.40598857404  3.758987
7100.97221016885  -3.496275
7102.53843176366  6.907755
7104.10465335847  -1.369007
7105.67087495328  5.097111
7107.23709654809  -0.2041173
7108.8033181429  -6.563324
7110.36953973771  2.736912
7111.93576133252  -0.8662415
7113.50198292734  3.084155
7115.06820452214  3.4162
7116.63442611696  8.08367
7118.20064771177  -0.8679495
7119.76686930658  1.931138
7121.33309090139  -6.166175
7122.8993124962  -2.283175
7124.46553409101  7.70862
7126.03175568582  -2.944058
7127.59797728063  1.83942
7129.16419887544  3.33466
7130.73042047025  -2.530566
7132.29664206506  3.743165
7133.86286365987  2.216589
7135.42908525468  1.053833
7136.99530684949  2.696807
7138.5615284443  -1.986982
7140.12775003911  2.610539
7141.69397163392  -4.356106
7143.26019322873  -4.562881
7144.82641482354  10.59101
7146.39263641836  5.0751
7147.95885801317  3.615114
7149.52507960798  6.023133
7151.09130120279  0.7633505
7152.6575227976  -3.758011
7154.22374439241  1.460168
7155.78996598722  8.278343
7157.35618758203  2.274816
7158.92240917684  -1.044713
7160.48863077165  0.145257
7162.05485236646  3.234502
7163.62107396127  5.511086
7165.18729555608  -3.035325
7166.75351715089  -1.292033
7168.3197387457  3.445246
7169.88596034051  -7.708752
7171.45218193532  -1.702283
7173.01840353013  -2.386988
7174.58462512495  0.8992596
7176.15084671975  -4.391084
7177.71706831457  -1.081255
7179.28328990938  4.0277
7180.84951150419  0.09442806
7182.415733099  4.607895
7183.98195469381  2.467107
7185.54817628862  7.42324
7187.11439788343  13.29916
7188.68061947824  2.686061
7190.24684107305  6.623856
7191.81306266786  -0.09044409
7193.37928426267  0.7058964
7194.94550585748  1.786824
7196.51172745229  -2.537596
7198.0779490471  -2.563056
7199.64417064191  3.420802
7201.21039223672  4.185154
7202.77661383153  0.5930414
7204.34283542634  1.478803
7205.90905702115  -2.308463
7207.47527861596  2.772035
7209.04150021078  1.229647
7210.60772180558  1.728147
7212.1739434004  1.112275
7213.74016499521  -1.354975
7215.30638659002  5.095147
7216.87260818483  3.526854
7218.43882977964  -3.226898
7220.00505137445  2.353827
7221.57127296926  0.198122
7223.13749456407  5.585845
7224.70371615888  -0.2977238
7226.26993775369  -2.338826
7227.8361593485  0.5524325
7229.40238094331  -4.630224
7230.96860253812  -4.522881
7232.53482413293  -4.171516
7234.10104572774  0.7385616
7235.66726732255  0.3214254
7237.23348891736  7.388447
7238.79971051217  2.252651
7240.36593210699  -1.799373
7241.93215370179  3.003711
7243.49837529661  0.954947
7245.06459689142  -1.108535
7246.63081848623  -5.143617
7248.19704008104  -3.932086
7249.76326167585  5.448892
7251.32948327066  5.310828
7252.89570486547  1.239159
7254.46192646028  -5.181818
7256.02814805509  0.6846504
7257.5943696499  1.010875
7259.16059124471  5.556379
7260.72681283952  7.429426
7262.29303443433  1.110966
7263.85925602914  7.758191
7265.42547762395  4.838663
7266.99169921876  3.589497
7268.55792081357  -0.9380226
7270.12414240838  7.592882
7271.69036400319  7.939505
7273.256585598  -5.074663
7274.82280719282  -3.577939
7276.38902878762  -1.203225
7277.95525038244  2.538784
7279.52147197725  4.329283
7281.08769357206  2.342337
7282.65391516687  1.944755
7284.22013676168  0.4488926
7285.78635835649  4.960989
7287.3525799513  7.754646
7288.91880154611  3.138243
7290.48502314092  1.428238
7292.05124473573  -0.05156708
7293.61746633054  -1.197344
7295.18368792535  1.251106
7296.74990952016  0.2092676
7298.31613111497  2.811602
7299.88235270978  -3.704462
7301.44857430459  -3.636581
7303.0147958994  11.51982
7304.58101749422  -0.9057264
7306.14723908903  -1.776789
7307.71346068384  -1.49239
7309.27968227865  -13.14358
7310.84590387346  27.40047
7312.41212546827  -2.773539
7313.97834706308  0.09818649
7315.54456865789  -0.2506132
7317.1107902527  7.514427
7318.67701184751  -10.17731
7320.24323344232  5.382998
7321.80945503713  4.460646
7323.37567663194  -6.376749
7324.94189822675  8.067314
7326.50811982156  12.85071
7328.07434141637  11.87879
7329.64056301118  7.023628
7331.20678460599  -8.431498
7332.7730062008  12.1872
7334.33922779561  -7.541372
7335.90544939042  4.663725
7337.47167098524  0.2034264
7339.03789258005  5.375731
7340.60411417486  -10.37298
7342.17033576967  -13.62634
7343.73655736448  -4.763477
7345.30277895929  6.907118
7346.8690005541  10.57754
7348.43522214891  -19.31131
7350.00144374372  0.2423096
7351.56766533853  -4.977808
7353.13388693334  8.104557
7354.70010852815  4.946985
7356.26633012296  12.42874
7357.83255171777  -10.21194
7359.39877331258  10.45223
7360.96499490739  6.85549
7362.5312165022  -3.799553
7364.09743809701  10.59638
7365.66365969182  17.11561
7367.22988128663  -17.56454
7368.79610288144  -10.59285
7370.36232447626  6.005041
7371.92854607107  -9.70742
7373.49476766588  9.273143
7375.06098926069  12.14067
7376.6272108555  -15.79912
7378.19343245031  -10.43221
7379.75965404512  -6.328494
7381.32587563993  -2.161136
7382.89209723474  -8.839478
7384.45831882955  7.330948
7386.02454042436  -9.885797
7387.59076201917  -1.774583
7389.15698361398  -0.1215315
7390.72320520879  -7.563824
7392.2894268036  1.996632
7393.85564839841  3.39197
7395.42186999322  0.2620354
7396.98809158803  0.9300165
7398.55431318285  4.279003
7400.12053477765  0.2759886
7401.68675637247  2.743366
7403.25297796728  2.02704
7404.81919956209  2.594777
7406.3854211569  3.214661
7407.95164275171  -1.657734
7409.51786434652  -0.7877724
7411.08408594133  -0.8328588
7412.65030753614  0.05723643
7414.21652913095  -0.02008837
7415.78275072576  0.06052804
7417.34897232057  0.8092201
7418.91519391538  0.3167731
7420.48141551019  -1.01165
7422.047637105  1.293867
7423.61385869981  5.141677
7425.18008029462  -0.261622
7426.74630188943  -2.068457
7428.31252348424  4.009807
7429.87874507905  3.637048
7431.44496667386  2.572545
7433.01118826868  -1.459492
7434.57740986348  -1.076645
7436.1436314583  1.198333
7437.70985305311  -3.101555
7439.27607464792  -4.757856
7440.84229624273  9.076685
7442.40851783754  14.61312
7443.97473943235  -7.693087
7445.54096102716  -7.272935
7447.10718262197  -9.101375
7448.67340421678  -2.575742
7450.23962581159  -3.209496
7451.8058474064  -3.941817
7453.37206900121  -5.019827
7454.93829059602  -1.245934
7456.50451219083  6.76815
7458.07073378564  1.318974
7459.63695538045  16.75783
7461.20317697526  7.877214
7462.76939857008  1.833031
7464.33562016489  -1.786185
7465.9018417597  -1.633013
7467.46806335451  9.715595
7469.03428494932  4.929707
7470.60050654413  7.53269
7472.16672813894  7.761456
7473.73294973375  -2.70681
7475.29917132856  -22.18394
7476.86539292337  10.23884
7478.43161451818  7.590763
7479.99783611299  -14.39504
7481.5640577078  -1.246767
7483.13027930261  -2.877111
7484.69650089742  16.84896
7486.26272249223  14.65722
7487.82894408704  -5.871258
7489.39516568185  -10.39069
7490.96138727667  -15.23502
7492.52760887147  -15.48933
7494.09383046628  -0.4644413
7495.6600520611  -6.14716
7497.22627365591  -1.847811
7498.79249525072  8.261814
7500.35871684553  7.0998
7501.92493844034  2.585205
7503.49116003515  -6.601048
7505.05738162996  -10.98765
7506.62360322477  6.398745
7508.18982481958  56.25103
7509.75604641439  8.116447
7511.3222680092  -15.63434
7512.88848960401  31.61298
7514.45471119882  15.4991
7516.02093279363  21.56263
7517.58715438844  12.57618
7519.15337598325  11.2221
7520.71959757806  -12.45848
7522.28581917287  -30.17212
7523.85204076768  7.581581
7525.41826236249  15.39991
7526.9844839573  -17.32643
7528.55070555212  -10.51184
7530.11692714693  17.79687
7531.68314874174  14.20226
7533.24937033655  7.725864
7534.81559193136  11.01135
7536.38181352617  24.56313
7537.94803512098  -11.32189
7539.51425671579  -10.71733
7541.0804783106  13.69816
7542.64669990541  -6.894119
7544.21292150022  -44.42288
7545.77914309503  -27.62013
7547.34536468984  8.943813
7548.91158628465  3.809772
7550.47780787946  -12.98637
7552.04402947427  16.82127
7553.61025106908  -17.56774
7555.17647266389  -26.59226
7556.7426942587  1.227928
7558.30891585351  2.135921
7559.87513744832  32.95763
7561.44135904314  22.11668
7563.00758063795  -15.92258
7564.57380223276  -20.83142
7566.14002382757  -7.69043
7567.70624542238  -18.80998
7569.27246701719  1.48843
7570.838688612  16.98432
7572.40491020681  10.61409
7573.97113180162  -28.25845
7575.53735339643  -16.26541
7577.10357499124  -2.821922
7578.66979658605  -20.58149
7580.23601818086  -2.631519
7581.80223977567  -5.882431
7583.36846137048  -7.825283
7584.93468296529  10.0317
7586.5009045601  20.57293
7588.06712615491  8.710442
7589.63334774972  19.53178
7591.19956934453  20.3095
7592.76579093934  0.4141617
7594.33201253416  13.44201
7595.89823412897  -8.367111
7597.46445572378  -18.78608
7599.03067731859  24.46689
7600.5968989134  -37.57321
7602.16312050821  -31.15556
7603.72934210302  -30.15132
7605.29556369783  12.45192
7606.86178529264  24.84647
7608.42800688745  -7.527645
7609.99422848226  -8.4058
7611.56045007707  12.56477
7613.12667167188  -0.1968193
7614.69289326669  5.337418
7616.2591148615  -1.491577
7617.82533645631  -0.4333153
7619.39155805112  -4.788006
7620.95777964593  -8.322916
7622.52400124075  6.932287
7624.09022283556  12.59964
7625.65644443037  23.72884
7627.22266602518  -4.105495
7628.78888761999  -31.92287
7630.3551092148  -11.71364
7631.92133080961  0.003856659
7633.48755240442  15.78651
7635.05377399923  -9.180185
7636.61999559404  -2.237551
7638.18621718885  11.73588
7639.75243878366  -12.22285
7641.31866037847  -17.28302
7642.88488197328  0.2240219
7644.45110356809  0.5444489
7646.0173251629  5.532183
7647.58354675771  11.9678
7649.14976835253  -6.89851
7650.71598994733  3.67922
7652.28221154215  -2.935226
7653.84843313696  -11.19126
7655.41465473177  -5.052807
7656.98087632658  -6.730871
7658.54709792139  -7.912381
7660.1133195162  -4.211042
7661.67954111101  -7.069661
7663.24576270582  -3.129883
7664.81198430063  2.600156
7666.37820589544  -12.32066
7667.94442749025  -3.613223
7669.51064908506  -1.821805
7671.07687067987  6.355145
7672.64309227468  10.15772
7674.20931386949  10.50848
7675.7755354643  -6.677866
7677.34175705911  5.293402
7678.90797865392  5.013513
7680.47420024873  0.001115799
7682.04042184354  -4.244837
7683.60664343835  -1.402331
7685.17286503316  -0.9979239
7686.73908662798  3.902569
7688.30530822279  -2.868991
7689.8715298176  4.69019
7691.43775141241  1.958611
7693.00397300722  -0.7534573
7694.57019460203  -0.4203511
7696.13641619684  0.4845887
7697.70263779165  -0.09654242
7699.26885938646  -0.06442206
7700.83508098127  -0.1288136
7702.40130257608  -0.879557
7703.96752417089  0.9971181
7705.5337457657  -1.963488
7707.09996736051  -1.600785
7708.66618895532  0.4791343
7710.23241055013  1.26954
7711.79863214494  -0.0152874
7713.36485373975  3.538381
7714.93107533457  -1.417269
7716.49729692937  -2.103505
7718.06351852418  4.1512
7719.629740119  10.21041
7721.19596171381  9.930751
7722.76218330862  -11.15823
7724.32840490343  -0.4187527
7725.89462649824  0.4102993
7727.46084809305  -2.155771
7729.02706968786  8.39873
7730.59329128267  -2.863053
7732.15951287748  -6.311157
7733.72573447229  -1.869305
7735.2919560671  3.485975
7736.85817766191  -24.82599
7738.42439925672  -16.82473
7739.99062085153  3.372992
7741.55684244634  -3.427031
7743.12306404115  0.7558384
7744.68928563596  -8.736414
7746.25550723077  -0.1704292
7747.82172882558  20.33167
7749.38795042039  1.660761
7750.9541720152  -8.721863
7752.52039361002  1.615917
7754.08661520483  -9.980152
7755.65283679964  -8.62524
7757.21905839445  -1.473116
7758.78527998926  28.97147
7760.35150158407  7.770176
7761.91772317888  -0.1086502
7763.48394477369  -0.6066589
7765.0501663685  8.028576
7766.61638796331  -2.122818
7768.18260955812  -40.10601
7769.74883115293  -2.351547
7771.31505274774  -28.88947
7772.88127434255  -41.64365
7774.44749593736  3.415087
7776.01371753217  -10.98551
7777.57993912698  -9.690136
7779.14616072179  -36.03507
7780.7123823166  -18.34481
7782.27860391142  17.34715
7783.84482550622  5.548077
7785.41104710104  9.11721
7786.97726869585  37.26154
7788.54349029066  -0.6561852
7790.10971188547  -58.28195
7791.67593348028  -13.58192
7793.24215507509  21.07164
7794.8083766699  -21.32252
7796.37459826471  -17.60359
7797.94081985952  32.61552
7799.50704145433  -25.0916
7801.07326304914  -12.67415
7802.63948464395  28.22472
7804.20570623876  -17.2578
7805.77192783357  -17.83774
7807.33814942838  -31.61855
7808.90437102319  33.67107
7810.470592618  -4.283669
7812.03681421281  72.1102
7813.60303580762  -85.47714
7815.16925740243  35.23077
7816.73547899725  -21.20676
7818.30170059206  4.849365
7819.86792218687  -27.8301
7821.43414378168  55.30035
7823.00036537649  1.513489
7824.5665869713  -24.09283
7826.13280856611  -3.95298
7827.69903016092  4.808289
7829.26525175573  -20.79915
7830.83147335054  24.20223
7832.39769494535  -9.917686
7833.96391654016  37.79121
7835.53013813497  -70.43206
7837.09635972978  38.93631
7838.66258132459  47.717
7840.2288029194  -37.2898
7841.79502451421  -53.72604
7843.36124610902  -23.41467
7844.92746770384  102.6955
7846.49368929865  -22.98695
7848.05991089346  40.2917
7849.62613248827  4.664436
7851.19235408308  51.88526
7852.75857567789  -62.42445
7854.3247972727  -76.09431
7855.89101886751  -80.4749
7857.45724046232  30.66935
7859.02346205713  -46.53413
7860.58968365194  19.06806
7862.15590524675  57.67474
7863.72212684156  61.59111
7865.28834843637  49.30749
7866.85457003118  55.42837
7868.42079162599  9.743057
7869.9870132208  21.44171
7871.55323481561  -49.43986
7873.11945641043  -28.65006
7874.68567800523  -41.51802
7876.25189960005  -65.85779
7877.81812119486  -74.379
7879.38434278967  40.8112
7880.95056438448  56.48832
7882.51678597929  64.29757
7884.0830075741  44.79379
7885.64922916891  65.89838
7887.21545076372  51.98002
7888.78167235853  -23.51564
7890.34789395334  56.69362
7891.91411554815  52.63204
7893.48033714296  64.05599
7895.04655873777  -41.55814
7896.61278033258  -60.45421
7898.17900192739  -2.608566
7899.7452235222  20.26902
7901.31144511701  -43.61638
7902.87766671182  -44.0815
7904.44388830663  18.73331
7906.01010990144  23.85371
7907.57633149625  41.95452
7909.14255309106  -51.52059
7910.70877468588  -1.268143
7912.27499628069  22.73619
7913.8412178755  61.40974
7915.40743947031  9.476257
7916.97366106512  -41.41152
7918.53988265993  -30.29169
7920.10610425474  -10.27084
7921.67232584955  56.94335
7923.23854744436  -75.38199
7924.80476903917  27.43864
7926.37099063398  -30.98557
7927.93721222879  -65.80525
7929.5034338236  -1.26503
7931.06965541841  22.78251
7932.63587701322  7.586617
7934.20209860803  -11.18001
7935.76832020284  43.23166
7937.33454179765  20.70507
7938.90076339247  2.800499
7940.46698498727  -25.15147
7942.03320658208  -7.815285
7943.5994281769  31.09325
7945.16564977171  -13.75475
7946.73187136652  4.537384
7948.29809296133  -48.71889
7949.86431455614  -13.62129
7951.43053615095  -14.92775
7952.99675774576  -2.66777
7954.56297934057  -45.44048
7956.12920093538  13.23104
7957.69542253019  -18.91132
7959.261644125  46.72289
7960.82786571981  -24.14766
7962.39408731462  -8.496483
7963.96030890943  -25.64688
7965.52653050424  6.085865
7967.09275209905  -21.46586
7968.65897369386  33.61583
7970.22519528867  -4.188828
7971.79141688348  10.1445
7973.35763847829  4.597633
7974.9238600731  -41.74026
