4053.74975585937  -3.532084
4055.31515240669  -0.3687859
4056.88054895401  1.088326
4058.44594550133  0.08179855
4060.01134204864  -5.511273
4061.57673859596  -4.716743
4063.14213514328  -1.68144
4064.7075316906  -0.1311712
4066.27292823791  2.592659
4067.83832478523  2.147077
4069.40372133255  -1.198949
4070.96911787987  -0.8474283
4072.53451442718  0.8423662
4074.0999109745  3.095078
4075.66530752182  0.8060675
4077.23070406914  1.686368
4078.79610061645  7.801497
4080.36149716377  3.591236
4081.92689371109  4.374116
4083.49229025841  5.086129
4085.05768680572  1.313552
4086.62308335304  -10.27345
4088.18847990036  -2.061018
4089.75387644768  3.609538
4091.31927299499  -3.111477
4092.88466954231  5.428969
4094.45006608963  -2.772771
4096.01546263695  6.888351
4097.58085918426  4.31515
4099.14625573158  -3.899688
4100.7116522789  -3.718977
4102.27704882622  -3.695005
4103.84244537353  -1.687184
4105.40784192085  -6.068614
4106.97323846817  2.980906
4108.53863501549  -1.32287
4110.1040315628  5.294189
4111.66942811012  3.780479
4113.23482465744  -6.36811
4114.80022120476  1.914251
4116.36561775207  2.90495
4117.93101429939  -0.05239487
4119.49641084671  -0.6272564
4121.06180739403  1.617515
4122.62720394134  6.07628
4124.19260048866  1.146978
4125.75799703598  -2.559043
4127.3233935833  2.727592
4128.88879013061  7.154876
4130.45418667793  -3.321599
4132.01958322525  -2.39326
4133.58497977257  7.656063
4135.15037631988  4.349569
4136.7157728672  -1.666252
4138.28116941452  -0.009239197
4139.84656596184  -1.449573
4141.41196250915  -0.2448387
4142.97735905647  -0.7350197
4144.54275560379  3.580918
4146.10815215111  6.649653
4147.67354869842  -0.2620821
4149.23894524574  -2.888364
4150.80434179306  1.285638
4152.36973834038  0.4960299
4153.93513488769  0.8680782
4155.50053143501  -3.155341
4157.06592798233  6.715511
4158.63132452965  3.480791
4160.19672107696  0.518465
4161.76211762428  3.750249
4163.3275141716  6.608759
4164.89291071892  1.031773
4166.45830726623  5.589621
4168.02370381355  0.0858078
4169.58910036087  -3.770732
4171.15449690819  -12.2743
4172.7198934555  3.712567
4174.28529000282  1.16763
4175.85068655014  3.044922
4177.41608309746  -2.257937
4178.98147964477  -1.356382
4180.54687619209  9.01522
4182.11227273941  4.327895
4183.67766928673  7.228851E-4
4185.24306583404  1.698359
4186.80846238136  5.956895
4188.37385892868  3.511138
4189.939255476  2.326454
4191.50465202331  -5.286855
4193.07004857063  -2.023625
4194.63544511795  -3.449275
4196.20084166527  -5.668763
4197.76623821258  -2.467883
4199.3316347599  7.374431
4200.89703130722  0.133935
4202.46242785454  -4.769572
4204.02782440185  1.301601
4205.59322094917  -4.907981
4207.15861749649  5.460788
4208.72401404381  3.827764
4210.28941059112  4.540853
4211.85480713844  5.561083
4213.42020368576  4.539753
4214.98560023308  -2.464483
4216.55099678039  6.066715
4218.11639332771  0.2970982
4219.68178987503  2.950879
4221.24718642235  3.840094
4222.81258296966  -5.167545
4224.37797951698  -2.770842
4225.9433760643  -4.274773
4227.50877261162  9.005301
4229.07416915893  5.7108
4230.63956570625  10.73626
4232.20496225357  7.341767
4233.77035880089  4.91147
4235.3357553482  5.67776
4236.90115189552  -2.216812
4238.46654844284  -1.325853
4240.03194499016  -2.102617
4241.59734153748  -0.8551636
4243.16273808479  1.243356
4244.72813463211  5.530425
4246.29353117943  4.868366
4247.85892772674  1.282689
4249.42432427406  5.541223
4250.98972082138  1.641489
4252.5551173687  8.634693
4254.12051391601  0.8390284
4255.68591046333  2.792173
4257.25130701065  2.326488
4258.81670355797  -1.575674
4260.38210010528  5.21055
4261.9474966526  -9.622088
4263.51289319992  -6.480014
4265.07828974724  -0.7684927
4266.64368629455  -1.651346
4268.20908284187  1.214011
4269.77447938919  -4.280667
4271.33987593651  4.237494
4272.90527248382  2.104756
4274.47066903114  -0.1027412
4276.03606557846  -2.333206
4277.60146212578  3.129535
4279.1668586731  -0.9959087
4280.73225522041  2.540711
4282.29765176773  0.379776
4283.86304831505  0.02508163
4285.42844486237  1.690913
4286.99384140968  5.547454
4288.559237957  -2.805399
4290.12463450432  -0.5855312
4291.69003105163  -8.084964
4293.25542759895  -5.93324
4294.82082414627  1.540695
4296.38622069359  5.1308
4297.9516172409  -7.988171
4299.51701378822  -1.758832
4301.08241033554  -0.251049
4302.64780688286  3.20685
4304.21320343017  6.367836
4305.77859997749  -3.763489
4307.34399652481  -3.56779
4308.90939307213  2.641674
4310.47478961944  1.356049
4312.04018616676  2.247462
4313.60558271408  0.8954506
4315.1709792614  -2.259501
4316.73637580871  -3.184038
4318.30177235603  -1.906379
4319.86716890335  -3.064879
4321.43256545067  2.572444
4322.99796199799  -1.636463
4324.5633585453  8.83602
4326.12875509262  8.7967
4327.69415163994  -10.2194
4329.25954818725  0.9085684
4330.82494473457  0.5986738
4332.39034128189  -5.251031
4333.95573782921  -5.538759
4335.52113437652  0.9113312
4337.08653092384  -6.077644
4338.65192747116  -4.942826
4340.21732401848  1.201274
4341.78272056579  4.580909
4343.34811711311  3.571476
4344.91351366043  3.532772
4346.47891020775  -1.017032
4348.04430675507  -3.412878
4349.60970330238  -0.9660416
4351.1750998497  -1.5785
4352.74049639702  -0.8910484
4354.30589294433  2.262324
4355.87128949165  2.534801
4357.43668603897  -7.614387
4359.00208258629  3.701835
4360.56747913361  -4.117335
4362.13287568092  -5.904924
4363.69827222824  1.253944
4365.26366877556  4.355292
4366.82906532288  -2.403294
4368.39446187019  -7.009634
4369.95985841751  10.30916
4371.52525496483  -6.676974
4373.09065151214  -4.686133
4374.65604805946  -3.710137
4376.22144460678  -1.239569
4377.7868411541  3.770169
4379.35223770142  -0.578248
4380.91763424873  -3.815593
4382.48303079605  2.190688
4384.04842734337  -0.08730507
4385.61382389068  -6.666872
4387.179220438  7.373139
4388.74461698532  -2.589406
4390.31001353264  1.141083
4391.87541007995  -1.492549
4393.44080662727  7.907717
4395.00620317459  -1.290286
4396.57159972191  0.154397
4398.13699626923  3.046294
4399.70239281654  4.58101
4401.26778936386  -1.588506
4402.83318591118  1.351436
4404.3985824585  -3.802611
4405.96397900581  0.8529139
4407.52937555313  6.188121
4409.09477210045  1.162355
4410.66016864777  -0.3940063
4412.22556519508  3.858869
4413.7909617424  -6.28862
4415.35635828972  -0.9746561
4416.92175483704  -6.66046
4418.48715138435  -2.503894
4420.05254793167  0.5553689
4421.61794447899  3.098196
4423.1833410263  7.881346
4424.74873757362  -2.053077
4426.31413412094  0.02147388
4427.87953066826  -4.2083
4429.44492721558  -2.63269
4431.01032376289  -7.337596
4432.57572031021  1.251799
4434.14111685753  5.960493
4435.70651340485  -2.15203
4437.27190995216  5.66211
4438.83730649948  -5.41431
4440.4027030468  4.387608
4441.96809959412  -0.6302423
4443.53349614143  3.204803
4445.09889268875  -1.903359
4446.66428923607  4.270117
4448.22968578339  6.183078
4449.7950823307  0.6543856
4451.36047887802  2.690828
4452.92587542534  -7.935793
4454.49127197265  2.84215
4456.05666851997  7.3708
4457.62206506729  0.1127625
4459.18746161461  6.418514
4460.75285816193  3.386264
4462.31825470924  -1.169685
4463.88365125656  4.432114
4465.44904780388  0.7918215
4467.01444435119  5.554937
4468.57984089851  -0.5526886
4470.14523744583  -1.719854
4471.71063399315  0.7189503
4473.27603054047  -3.59918
4474.84142708778  -3.140003
4476.4068236351  4.346096
4477.97222018242  -7.648136
4479.53761672974  5.806024
4481.10301327705  -4.373871
4482.66840982437  7.562553
4484.23380637169  -6.509969
4485.79920291901  2.711271
4487.36459946632  7.931121
4488.92999601364  2.171963
4490.49539256096  5.551125
4492.06078910828  -4.981177
4493.62618565559  2.548953
4495.19158220291  -1.204653
4496.75697875023  -5.651315
4498.32237529755  -2.123534
4499.88777184486  2.390525
4501.45316839218  -2.715652
4503.0185649395  -1.873742
4504.58396148682  2.951759
4506.14935803413  0.9467783
4507.71475458145  6.800155
4509.28015112877  -0.6884041
4510.84554767609  -8.687
4512.4109442234  -3.042797
4513.97634077072  3.832217
4515.54173731804  -4.344066
4517.10713386536  1.987186
4518.67253041267  5.342068
4520.23792695999  -5.875912
4521.80332350731  -9.13658
4523.36872005463  -1.835737
4524.93411660194  3.569522
4526.49951314926  -1.961109
4528.06490969658  0.0226779
4529.6303062439  4.955988
4531.19570279121  -4.625847
4532.76109933853  10.24478
4534.32649588585  -5.303517
4535.89189243317  -5.43926
4537.45728898048  2.765968
4539.0226855278  2.957192
4540.58808207512  -8.822657
4542.15347862244  2.662353
4543.71887516975  -1.237847
4545.28427171707  -7.524677
4546.84966826439  1.694391
4548.4150648117  3.872304
4549.98046135902  -6.900373
4551.54585790634  3.00784
4553.11125445366  4.904057
4554.67665100098  3.231733
4556.24204754829  10.08991
4557.80744409561  2.204154
4559.37284064293  8.160781
4560.93823719025  -2.5298
4562.50363373756  4.950518
4564.06903028488  0.5318251
4565.6344268322  -9.940124
4567.19982337952  -2.044945
4568.76521992683  -2.015504
4570.33061647415  -2.271665
4571.89601302147  -1.43169
4573.46140956879  1.981792
4575.0268061161  -3.07599
4576.59220266342  0.4031601
4578.15759921074  5.741256
4579.72299575806  -5.494822
4581.28839230537  0.7845402
4582.85378885269  2.759923
4584.41918540001  -1.316753
4585.98458194733  -6.999159
4587.54997849464  3.38348
4589.11537504196  -2.087737
4590.68077158928  1.069391
4592.2461681366  3.281175
4593.81156468391  -1.919599
4595.37696123123  -1.274546
4596.94235777855  5.818145
4598.50775432586  4.127991
4600.07315087318  3.240436
4601.6385474205  -2.992176
4603.20394396782  1.827772
4604.76934051514  2.53352
4606.33473706245  -1.229863
4607.90013360977  -2.492507
4609.46553015709  0.5530567
4611.03092670441  0.1331286
4612.59632325172  -5.257637
4614.16171979904  5.059705
4615.72711634636  -0.2286148
4617.29251289367  6.648884
4618.85790944099  -3.315181
4620.42330598831  0.3189631
4621.98870253563  -3.646977
4623.55409908294  3.495668
4625.11949563026  6.261969
4626.68489217758  3.797866
4628.2502887249  -4.366911
4629.81568527221  -2.356773
4631.38108181953  3.70697
4632.94647836685  5.480264
4634.51187491417  5.170304
4636.07727146148  -1.513223
4637.6426680088  2.350483
4639.20806455612  5.552546
4640.77346110344  7.578954
4642.33885765075  -4.457741
4643.90425419807  3.119317
4645.46965074539  -6.470654
4647.03504729271  1.924954
4648.60044384003  5.302729
4650.16584038734  3.419353
4651.73123693466  -7.780299
4653.29663348198  5.208241
4654.8620300293  4.883642
4656.42742657661  1.621914
4657.99282312393  -7.21637
4659.55821967125  -0.5792236
4661.12361621856  7.69637
4662.68901276588  1.494753
4664.2544093132  -0.1706791
4665.81980586052  2.016346
4667.38520240783  -2.72228
4668.95059895515  -4.784616
4670.51599550247  7.373916
4672.08139204979  -2.514567
4673.64678859711  4.675885
4675.21218514442  -0.7662511
4676.77758169174  -4.140422
4678.34297823906  0.5189743
4679.90837478637  4.584779
4681.47377133369  3.73314
4683.03916788101  -5.421191
4684.60456442833  2.280908
4686.16996097565  -7.53259
4687.73535752296  -10.38541
4689.30075407028  3.075209
4690.8661506176  0.1909971
4692.43154716492  -8.995508
4693.99694371223  -1.767181
4695.56234025955  0.38622
4697.12773680687  -2.166232
4698.69313335418  -0.640295
4700.2585299015  -1.000661
4701.82392644882  -2.010092
4703.38932299614  0.05773067
4704.95471954346  1.091715
4706.52011609077  4.179376
4708.08551263809  -5.605999
4709.65090918541  1.642054
4711.21630573272  4.343612
4712.78170228004  9.418167
4714.34709882736  5.58389
4715.91249537468  1.709233
4717.477891922  -0.2359657
4719.04328846931  -6.573481
4720.60868501663  -3.146718
4722.17408156395  4.019092
4723.73947811127  0.1935782
4725.30487465858  2.03612
4726.8702712059  11.50391
4728.43566775322  -0.9718761
4730.00106430054  -0.08290768
4731.56646084785  0.6095004
4733.13185739517  2.32271
4734.69725394249  -1.041242
4736.26265048981  2.096477
4737.82804703712  -3.974097
4739.39344358444  2.439289
4740.95884013176  4.843715
4742.52423667908  -5.543193
4744.08963322639  7.141403
4745.65502977371  5.485228
4747.22042632103  4.394651
4748.78582286835  -8.414046
4750.35121941566  -5.009744
4751.91661596298  2.498963
4753.4820125103  2.628997
4755.04740905762  3.307272
4756.61280560493  2.110693
4758.17820215225  5.722074
4759.74359869957  7.060442
4761.30899524689  3.529769
4762.8743917942  3.746831
4764.43978834152  3.02863
4766.00518488884  -3.685668
4767.57058143616  0.4198179
4769.13597798347  -1.609561
4770.70137453079  8.136167
4772.26677107811  6.576274
4773.83216762543  -3.528432
4775.39756417274  -3.3421
4776.96296072006  5.787601
4778.52835726738  0.4517655
4780.09375381469  -1.69265
4781.65915036201  -6.234997
4783.22454690933  -2.484591
4784.78994345665  -1.452587
4786.35534000397  0.8398705
4787.92073655128  3.508897
4789.4861330986  -0.5293283
4791.05152964592  -0.1491241
4792.61692619323  6.621048
4794.18232274055  0.01666355
4795.74771928787  -2.79349
4797.31311583519  -3.162983
4798.87851238251  -3.833958
4800.44390892982  -4.760642
4802.00930547714  -4.017777
4803.57470202446  1.295803
4805.14009857178  2.946195
4806.70549511909  2.068793
4808.27089166641  3.835169
4809.83628821373  5.08547
4811.40168476105  2.419038
4812.96708130836  -5.175076
4814.53247785568  -3.416502
4816.097874403  3.321579
4817.66327095032  -2.913963
4819.22866749763  -10.07306
4820.79406404495  7.461607
4822.35946059227  -1.475653
4823.92485713959  0.8337278
4825.4902536869  10.36169
4827.05565023422  2.373878
4828.62104678154  5.259945
4830.18644332886  0.6621065
4831.75183987617  -0.3906107
4833.31723642349  -0.1832314
4834.88263297081  -4.322625
4836.44802951813  -0.1335678
4838.01342606544  -1.07485
4839.57882261276  2.540038
4841.14421916008  1.223695
4842.7096157074  -2.96118
4844.27501225471  -6.57193
4845.84040880203  0.2194614
4847.40580534935  6.752259
4848.97120189667  -2.707728
4850.53659844398  2.213366
4852.1019949913  -4.034245
4853.66739153862  -1.952665
4855.23278808594  -0.3878822
4856.79818463325  -2.632299
4858.36358118057  9.083956
4859.92897772789  14.21481
4861.49437427521  -1.836389
4863.05977082252  2.171363
4864.62516736984  3.617922
4866.19056391716  -4.276567
4867.75596046448  1.553048
4869.32135701179  0.04875708
4870.88675355911  -0.8603888
4872.45215010643  5.92827
4874.01754665375  -1.852301
4875.58294320106  -2.142848
4877.14833974838  -0.8349781
4878.7137362957  5.754161
4880.27913284302  2.485456
4881.84452939033  -3.06796
4883.40992593765  -6.225074
4884.97532248497  4.840978
4886.54071903229  4.617043
4888.1061155796  -4.21559
4889.67151212692  2.102068
4891.23690867424  3.668775
4892.80230522156  4.217222
4894.36770176887  4.934981
4895.93309831619  8.950467
4897.49849486351  19.73421
4899.06389141083  -3.888083
4900.62928795814  -6.754216
4902.19468450546  1.262897
4903.76008105278  -3.923658
4905.3254776001  -1.382337
4906.89087414741  8.390173
4908.45627069473  6.189018
4910.02166724205  3.641538
4911.58706378937  -6.072583
4913.15246033668  -11.44213
4914.717856884  -3.71926
4916.28325343132  -6.718862
4917.84864997864  1.886756
4919.41404652595  2.101141
4920.97944307327  -4.679097
4922.54483962059  0.7366691
4924.11023616791  12.17693
4925.67563271522  1.171157
4927.24102926254  5.615029
4928.80642580986  3.171896
4930.37182235718  0.5626154
4931.93721890449  4.822177
4933.50261545181  -0.4722881
4935.06801199913  0.7549009
4936.63340854645  3.221229
4938.19880509376  2.102311
4939.76420164108  1.612255
4941.3295981884  -3.523041
4942.89499473572  -6.164974
4944.46039128303  6.625004
4946.02578783035  -4.256356
4947.59118437767  -5.032353
4949.15658092499  9.195699
4950.7219774723  -7.510024
4952.28737401962  6.173663
4953.85277056694  2.618531
4955.41816711426  1.254025
4956.98356366157  6.298184
4958.54896020889  -4.803225
4960.11435675621  6.26862
4961.67975330353  1.316097
4963.24514985084  8.077742
4964.81054639816  4.173273
4966.37594294548  6.68198
4967.9413394928  0.953073
4969.50673604011  -1.195584
4971.07213258743  -5.415268
4972.63752913475  -2.757976
4974.20292568207  2.740789
4975.76832222938  4.012828
4977.3337187767  2.14907
4978.89911532402  2.784798
4980.46451187134  3.428957
4982.02990841865  7.445897
4983.59530496597  -4.926959
4985.16070151329  1.524529
4986.72609806061  0.5736055
4988.29149460792  2.353646
4989.85689115524  1.528138
4991.42228770256  -6.859638
4992.98768424988  5.02213
4994.55308079719  -0.6113553
4996.11847734451  -3.632421
4997.68387389183  -0.6811395
4999.24927043915  1.005519
5000.81466698646  2.550673
5002.38006353378  6.817696
5003.9454600811  2.40371
5005.51085662842  -4.022923
5007.07625317573  1.402735
5008.64164972305  -2.182691
5010.20704627037  -3.75841
5011.77244281769  3.684158
5013.337839365  -5.650797
5014.90323591232  3.665373
5016.46863245964  2.050961
5018.03402900696  2.646052
5019.59942555427  4.783304
5021.16482210159  2.857759
5022.73021864891  2.233682
5024.29561519623  -1.803233
5025.86101174354  -1.283752
5027.42640829086  3.52213
5028.99180483818  6.231211
5030.5572013855  -2.143792
5032.12259793281  0.9306769
5033.68799448013  2.628705
5035.25339102745  -4.980859
5036.81878757477  5.759458
5038.38418412208  4.333873
5039.9495806694  -0.01293802
5041.51497721672  -1.807126
5043.08037376404  3.34316
5044.64577031135  -0.1047254
5046.21116685867  -3.024895
5047.77656340599  11.29156
5049.34195995331  -1.956899
5050.90735650062  4.027128
5052.47275304794  6.220383
5054.03814959526  0.4652081
5055.60354614258  -5.275199
5057.16894268989  10.56599
5058.73433923721  3.786458
5060.29973578453  5.115215
5061.86513233185  -2.450231
5063.43052887916  2.000768
5064.99592542648  -1.114004
5066.5613219738  -1.460924
5068.12671852112  2.666678
5069.69211506843  3.570758
5071.25751161575  -0.6325741
5072.82290816307  5.28896
5074.38830471039  1.827332
5075.95370125771  5.606653
5077.51909780502  -0.7712674
5079.08449435234  5.617042
5080.64989089966  -5.305414
5082.21528744697  1.354543
5083.78068399429  3.201516
5085.34608054161  -9.583426
5086.91147708893  8.850577
5088.47687363624  6.320187
5090.04227018356  2.667449
5091.60766673088  -2.906299
5093.1730632782  -0.7210779
5094.73845982551  -4.626337
5096.30385637283  0.223206
5097.86925292015  3.548184
5099.43464946747  -0.3944683
5101.00004601478  -2.197939
5102.5654425621  7.643122
5104.13083910942  -1.701704
5105.69623565674  1.7785
5107.26163220405  -1.698986
5108.82702875137  -2.638267
5110.39242529869  5.11976
5111.95782184601  1.260815
5113.52321839332  1.662305
5115.08861494064  -0.9061213
5116.65401148796  17.47582
5118.21940803528  10.15198
5119.78480458259  -1.87119
5121.35020112991  -2.442885
5122.91559767723  -9.373055
5124.48099422455  1.815821
5126.04639077186  0.3598895
5127.61178731918  4.547137
5129.1771838665  5.484699
5130.74258041382  9.529947
5132.30797696113  -2.834413
5133.87337350845  12.54647
5135.43877005577  -0.9205637
5137.00416660309  2.822305
5138.5695631504  9.41322
5140.13495969772  7.079339
5141.70035624504  8.704416
5143.26575279236  5.590762
5144.83114933967  3.082862
5146.39654588699  3.22478
5147.96194243431  -9.249104
5149.52733898163  15.67809
5151.09273552894  -1.381272
5152.65813207626  1.878832
5154.22352862358  8.247822
5155.7889251709  -9.633909
5157.35432171821  4.723891
5158.91971826553  7.139271
5160.48511481285  5.877705
5162.05051136017  0.06815529
5163.61590790748  3.604462
5165.1813044548  6.122843
5166.74670100212  -1.581898
5168.31209754944  11.60954
5169.87749409675  -1.962714
5171.44289064407  -3.128272
5173.00828719139  11.17465
5174.57368373871  5.487215
5176.13908028602  8.28967
5177.70447683334  6.502197
5179.26987338066  4.252205
5180.83526992798  -0.9458046
5182.40066647529  -0.5213728
5183.96606302261  -0.07318211
5185.53145956993  1.397311
5187.09685611725  5.373942
5188.66225266456  18.60842
5190.22764921188  2.910655
5191.7930457592  5.113182
5193.35844230652  4.901341
5194.92383885383  5.440373
5196.48923540115  4.685136
5198.05463194847  0.02754974
5199.62002849579  12.8922
5201.1854250431  4.297251
5202.75082159042  1.953229
5204.31621813774  -0.5101376
5205.88161468506  8.528894
5207.44701123237  3.936178
5209.01240777969  1.431178
5210.57780432701  7.847632
5212.14320087433  -4.278043
5213.70859742165  7.143169
5215.27399396896  16.15082
5216.83939051628  16.02475
5218.4047870636  4.949989
5219.97018361091  1.954827
5221.53558015823  4.31306
5223.10097670555  0.4336042
5224.66637325287  -2.993097
5226.23176980018  -5.627455
5227.7971663475  9.504353
5229.36256289482  -1.683918
5230.92795944214  1.554971
5232.49335598945  6.888847
5234.05875253677  9.542135
5235.62414908409  8.89008
5237.18954563141  2.060863
5238.75494217872  13.05979
5240.32033872604  10.12209
5241.88573527336  7.334122
5243.45113182068  0.1877699
5245.01652836799  -2.470567
5246.58192491531  0.8491464
5248.14732146263  16.92537
5249.71271800995  10.68874
5251.27811455726  5.084525
5252.84351110458  12.46947
5254.4089076519  6.892135
5255.97430419922  2.619579
5257.53970074653  1.443383
5259.10509729385  4.547406
5260.67049384117  13.50163
5262.23589038849  13.3974
5263.8012869358  6.383723
5265.36668348312  4.414832
5266.93208003044  -4.94022
5268.49747657776  1.237503
5270.06287312507  -5.791528
5271.62826967239  5.621861
5273.19366621971  2.506192
5274.75906276703  7.143489
5276.32445931434  10.39021
5277.88985586166  5.665356
5279.45525240898  10.918
5281.0206489563  6.961391
5282.58604550361  2.573809
5284.15144205093  9.344009
5285.71683859825  3.128654
5287.28223514557  6.655359
5288.84763169288  -2.468388
5290.4130282402  0.6821437
5291.97842478752  0.8911819
5293.54382133484  9.326953
5295.10921788215  2.167046
5296.67461442947  2.297332
5298.24001097679  8.46368
5299.80540752411  7.435108
5301.37080407142  5.131156
5302.93620061874  8.641207
5304.50159716606  -3.728279
5306.06699371338  0.476552
5307.6323902607  19.39226
5309.19778680801  13.71518
5310.76318335533  1.400904
5312.32857990265  3.789722
5313.89397644996  5.828834
5315.45937299728  20.4375
5317.0247695446  6.742762
5318.59016609192  -0.2082143
5320.15556263923  4.496843
5321.72095918655  9.059657
5323.28635573387  1.190722
5324.85175228119  -1.98887
5326.4171488285  0.2860265
5327.98254537582  5.423416
5329.54794192314  2.056611
5331.11333847046  0.5610027
5332.67873501777  0.4554462
5334.24413156509  0.966434
5335.80952811241  0.2987356
5337.37492465973  8.676231
5338.94032120704  13.21266
5340.50571775436  2.490478
5342.07111430168  3.572201
5343.636510849  -3.091502
5345.20190739631  6.919366
5346.76730394363  13.67897
5348.33270049095  6.853915
5349.89809703827  3.585643
5351.46349358558  5.949611
5353.0288901329  2.737963
5354.59428668022  10.36406
5356.15968322754  7.643316
5357.72507977485  0.3879733
5359.29047632217  -1.901862
5360.85587286949  2.114499
5362.42126941681  9.328938
5363.98666596412  8.465494
5365.55206251144  5.942643
5367.11745905876  10.96577
5368.68285560608  2.743545
5370.2482521534  0.04207897
5371.81364870071  10.39573
5373.37904524803  14.16698
5374.94444179535  2.235846
5376.50983834267  5.080481
5378.07523488998  0.8794541
5379.6406314373  8.03972
5381.20602798462  10.26298
5382.77142453193  5.78219
5384.33682107925  12.55311
5385.90221762657  13.95486
5387.46761417389  8.291853
5389.0330107212  10.99809
5390.59840726852  3.599041
5392.16380381584  15.20004
5393.72920036316  12.7889
5395.29459691047  4.263552
5396.85999345779  7.641185
5398.42539000511  2.426466
5399.99078655243  5.380044
5401.55618309975  1.370216
5403.12157964706  11.07721
5404.68697619438  13.56792
5406.2523727417  6.905816
5407.81776928901  2.195398
5409.38316583633  3.198682
5410.94856238365  9.928551
5412.51395893097  12.89746
5414.07935547828  9.552084
5415.6447520256  7.374252
5417.21014857292  9.866514
5418.77554512024  6.684556
5420.34094166755  1.232108
5421.90633821487  -5.687914
5423.47173476219  4.708988
5425.03713130951  13.09271
5426.60252785682  12.37998
5428.16792440414  9.524108
5429.73332095146  0.9033515
5431.29871749878  6.996413
5432.86411404609  8.163468
5434.42951059341  3.164617
5435.99490714073  2.062553
5437.56030368805  1.102441
5439.12570023536  9.497309
5440.69109678268  10.46133
5442.25649333  16.41053
5443.82188987732  17.06956
5445.38728642463  8.031596
5446.95268297195  13.3096
5448.51807951927  18.31792
5450.08347606659  5.859452
5451.6488726139  5.48043
5453.21426916122  9.256939
5454.77966570854  10.525
5456.34506225586  9.757356
5457.91045880318  10.80016
5459.47585535049  10.11414
5461.04125189781  0.8634593
5462.60664844513  3.877353
5464.17204499245  2.297605
5465.73744153976  2.693283
5467.30283808708  13.61519
5468.8682346344  0.860019
5470.43363118172  -0.02680111
5471.99902772903  0.8659382
5473.56442427635  12.00843
5475.12982082367  13.1465
5476.69521737098  12.91463
5478.2606139183  3.194358
5479.82601046562  3.154327
5481.39140701294  3.705854
5482.95680356026  4.399811
5484.52220010757  10.20635
5486.08759665489  10.49202
5487.65299320221  1.168605
5489.21838974952  5.862203
5490.78378629684  6.412174
5492.34918284416  4.50556
5493.91457939148  11.78178
5495.47997593879  14.91561
5497.04537248611  2.653563
5498.61076903343  3.452456
5500.17616558075  9.422638
5501.74156212807  -8.626202
5503.30695867538  4.270432
5504.8723552227  10.92071
5506.43775177002  -3.881535
5508.00314831733  10.2362
5509.56854486465  3.010987
5511.13394141197  -3.623161
5512.69933795929  6.741874
5514.2647345066  7.161259
5515.83013105392  8.283409
5517.39552760124  9.844649
5518.96092414856  2.286936
5520.52632069587  6.217248
5522.09171724319  5.863789
5523.65711379051  2.977386
5525.22251033783  12.34218
5526.78790688515  10.70446
5528.35330343246  -4.131706
5529.91869997978  6.824974
5531.4840965271  9.94323
5533.04949307442  -2.764916
5534.61488962173  4.779906
5536.18028616905  3.725349
5537.74568271637  3.69311
5539.31107926369  -1.449175
5540.876475811  -4.824281
5542.44187235832  9.10767
5544.00726890564  10.00871
5545.57266545295  3.471997
5547.13806200027  11.17749
5548.70345854759  5.303216
5550.26885509491  1.236906
5551.83425164222  1.458698
5553.39964818954  5.690979
5554.96504473686  4.272488
5556.53044128418  5.312316
5558.0958378315  13.21868
5559.66123437881  15.56662
5561.22663092613  6.512276
5562.79202747345  7.604168
5564.35742402077  13.47632
5565.92282056808  11.48991
5567.4882171154  16.85122
5569.05361366272  5.996724
5570.61901021003  9.854767
5572.18440675735  0.595758
5573.74980330467  -13.36038
5575.31519985199  4.665878
5576.8805963993  -4.492294
5578.44599294662  15.77248
5580.01138949394  17.52584
5581.57678604126  10.20437
5583.14218258857  7.388146
5584.70757913589  7.165333
5586.27297568321  7.737323
5587.83837223053  14.274
5589.40376877785  4.772034
5590.96916532516  13.83685
5592.53456187248  8.324287
5594.0999584198  9.406874
5595.66535496711  9.501215
5597.23075151443  1.484838
5598.79614806175  12.57505
5600.36154460907  11.89674
5601.92694115638  3.708251
5603.4923377037  6.61442
5605.05773425102  14.66436
5606.62313079834  6.509207
5608.18852734565  5.368059
5609.75392389297  18.92427
5611.31932044029  13.06523
5612.88471698761  7.998438
5614.45011353493  22.05841
5616.01551008224  10.21811
5617.58090662956  -2.411034
5619.14630317688  12.15666
5620.7116997242  15.63501
5622.27709627151  10.19635
5623.84249281883  13.07035
5625.40788936615  12.30463
5626.97328591347  -7.5791
5628.53868246078  5.094769
5630.1040790081  6.368007
5631.66947555542  7.672801
5633.23487210274  2.930591
5634.80026865005  7.293295
5636.36566519737  12.3873
5637.93106174469  0.4186373
5639.49645829201  14.00252
5641.06185483932  17.57474
5642.62725138664  14.23659
5644.19264793396  16.92988
5645.75804448128  14.91786
5647.32344102859  10.02893
5648.88883757591  18.87257
5650.45423412323  7.676341
5652.01963067055  4.269024
5653.58502721786  3.209674
5655.15042376518  9.27944
5656.7158203125  4.977555
5658.28121685981  8.861346
5659.84661340713  16.96169
5661.41200995445  11.22508
5662.97740650177  3.828912
5664.54280304908  8.295145
5666.1081995964  13.06512
5667.67359614372  9.433769
5669.23899269104  15.9746
5670.80438923835  6.058595
5672.36978578567  13.94542
5673.93518233299  18.24999
5675.50057888031  18.60557
5677.06597542762  15.72709
5678.63137197494  8.08183
5680.19676852226  11.38938
5681.76216506958  0.9617655
5683.32756161689  11.04514
5684.89295816421  12.38008
5686.45835471153  13.71085
5688.02375125885  9.516765
5689.58914780616  3.501565
5691.15454435348  9.298466
5692.7199409008  12.50749
5694.28533744812  -1.375604
5695.85073399543  12.05689
5697.41613054275  5.569692
5698.98152709007  -8.32135
5700.54692363739  1.749786
5702.1123201847  13.27667
5703.67771673202  8.224279
5705.24311327934  0.09794426
5706.80850982666  11.89795
5708.37390637397  8.924303
5709.93930292129  8.552689
5711.50469946861  5.633559
5713.07009601593  7.475165
5714.63549256325  20.25479
5716.20088911056  9.751699
5717.76628565788  6.518761
5719.3316822052  7.773221
5720.89707875251  13.00958
5722.46247529983  19.94234
5724.02787184715  6.385571
5725.59326839447  8.027212
5727.15866494179  14.63259
5728.7240614891  12.39539
5730.28945803642  12.04775
5731.85485458374  9.062183
5733.42025113105  1.94466
5734.98564767837  8.866292
5736.55104422569  4.798687
5738.11644077301  9.425756
5739.68183732032  10.01376
5741.24723386764  15.56746
5742.81263041496  7.274931
5744.37802696228  11.32726
5745.94342350959  12.69131
5747.50882005691  6.978553
5749.07421660423  2.719725
5750.63961315155  11.01685
5752.20500969886  12.60059
5753.77040624618  11.26056
5755.3358027935  11.01841
5756.90119934082  13.02843
5758.46659588813  16.0292
5760.03199243545  13.77237
5761.59738898277  6.095447
5763.16278553009  9.788363
5764.7281820774  9.621007
5766.29357862472  1.25589
5767.85897517204  7.986299
5769.42437171936  7.585831
5770.98976826668  20.89698
5772.55516481399  16.40073
5774.12056136131  8.252131
5775.68595790863  8.929457
5777.25135445595  3.72719
5778.81675100326  3.358181
5780.38214755058  18.92105
5781.9475440979  15.30078
5783.51294064522  12.4139
5785.07833719253  18.01394
5786.64373373985  8.724592
5788.20913028717  11.71929
5789.77452683448  13.27057
5791.3399233818  14.27975
5792.90531992912  15.64034
5794.47071647644  16.46502
5796.03611302375  20.22941
5797.60150957107  13.29107
5799.16690611839  12.91324
5800.73230266571  17.03198
5802.29769921303  3.911835
5803.86309576034  10.35576
5805.42849230766  2.906397
5806.99388885498  3.457383
5808.5592854023  10.33474
5810.12468194961  7.217374
5811.69007849693  6.251929
5813.25547504425  16.23919
5814.82087159156  16.14575
5816.38626813888  10.79297
5817.9516646862  8.801977
5819.51706123352  6.623124
5821.08245778083  3.131813
5822.64785432815  7.599885
5824.21325087547  15.09023
5825.77864742279  11.15185
5827.3440439701  8.644406
5828.90944051742  5.952925
5830.47483706474  7.216947
5832.04023361206  16.70776
5833.60563015938  22.80821
5835.17102670669  8.923414
5836.73642325401  12.98281
5838.30181980133  18.57903
5839.86721634864  12.42441
5841.43261289596  3.941616
5842.99800944328  7.245657
5844.5634059906  14.05592
5846.12880253791  17.68627
5847.69419908523  21.67315
5849.25959563255  8.237685
5850.82499217987  11.60645
5852.39038872718  9.821768
5853.9557852745  12.669
5855.52118182182  14.16375
5857.08657836914  17.57635
5858.65197491645  15.74258
5860.21737146377  9.871325
5861.78276801109  14.76087
5863.34816455841  12.99983
5864.91356110573  11.77446
5866.47895765304  16.84059
5868.04435420036  13.00075
5869.60975074768  11.45632
5871.175147295  11.01163
5872.74054384231  12.10082
5874.30594038963  14.96824
5875.87133693695  17.43874
5877.43673348427  14.95199
5879.00213003158  19.73619
5880.5675265789  15.94998
5882.13292312622  7.095161
5883.69831967354  14.73872
5885.26371622085  9.55176
5886.82911276817  13.12563
5888.39450931549  -26.54945
5889.95990586281  2.114189
5891.52530241012  24.77365
5893.09069895744  36.27229
5894.65609550476  28.62791
5896.22149205208  32.08314
5897.78688859939  11.74729
5899.35228514671  10.13808
5900.91768169403  15.40038
5902.48307824134  17.9797
5904.04847478866  17.49343
5905.61387133598  17.92138
5907.1792678833  11.23431
5908.74466443062  10.97178
5910.31006097793  11.78588
5911.87545752525  15.82208
5913.44085407257  22.08849
5915.00625061988  10.15456
5916.5716471672  12.07085
5918.13704371452  11.72621
5919.70244026184  16.69084
5921.26783680915  13.03581
5922.83323335647  19.78895
5924.39862990379  15.17438
5925.96402645111  8.072297
5927.52942299843  14.20396
5929.09481954574  14.11804
5930.66021609306  17.03319
5932.22561264038  7.770414
5933.7910091877  2.923869
5935.35640573501  10.84788
5936.92180228233  18.56966
5938.48719882965  18.40494
5940.05259537697  15.24887
5941.61799192428  16.9341
5943.1833884716  21.21857
5944.74878501892  18.80493
5946.31418156624  10.51945
5947.87957811355  20.41273
5949.44497466087  4.094487
5951.01037120819  5.937667
5952.5757677555  22.22165
5954.14116430282  13.80482
5955.70656085014  18.10339
5957.27195739746  13.13919
5958.83735394478  7.120968
5960.40275049209  12.66434
5961.96814703941  18.29879
5963.53354358673  15.9392
5965.09894013405  14.24893
5966.66433668136  9.298269
5968.22973322868  19.28892
5969.795129776  13.64613
5971.36052632332  8.01658
5972.92592287063  14.37798
5974.49131941795  11.70541
5976.05671596527  19.7223
5977.62211251258  16.75366
5979.1875090599  12.56787
5980.75290560722  12.28365
5982.31830215454  9.942377
5983.88369870185  4.682004
5985.44909524917  3.151398
5987.01449179649  15.86579
5988.57988834381  11.50989
5990.14528489113  6.808113
5991.71068143844  10.44314
5993.27607798576  17.25251
5994.84147453308  9.53282
5996.4068710804  11.39315
5997.97226762771  16.31634
5999.53766417503  13.19735
6001.10306072235  3.84322
6002.66845726967  5.754351
6004.23385381698  11.73809
6005.7992503643  17.24623
6007.36464691162  10.43282
6008.93004345893  14.66359
6010.49544000625  12.75133
6012.06083655357  7.259845
6013.62623310089  10.15337
6015.1916296482  11.10961
6016.75702619552  16.79871
6018.32242274284  11.49188
6019.88781929016  7.391885
6021.45321583748  15.16098
6023.01861238479  20.65609
6024.58400893211  19.21936
6026.14940547943  12.10388
6027.71480202675  7.624403
6029.28019857406  14.03764
6030.84559512138  22.55149
6032.4109916687  20.48474
6033.97638821602  3.808374
6035.54178476333  13.48692
6037.10718131065  13.54625
6038.67257785797  9.949982
6040.23797440529  5.0692
6041.8033709526  9.357113
6043.36876749992  11.21128
6044.93416404724  3.575682
6046.49956059456  6.257539
6048.06495714187  10.85204
6049.63035368919  12.56052
6051.19575023651  13.90161
6052.76114678383  17.61515
6054.32654333114  16.7292
6055.89193987846  8.660341
6057.45733642578  14.14498
6059.0227329731  16.35023
6060.58812952041  11.26571
6062.15352606773  14.64305
6063.71892261505  16.0864
6065.28431916237  18.68938
6066.84971570968  15.84532
6068.415112257  19.14512
6069.98050880432  18.17662
6071.54590535164  12.52094
6073.11130189895  12.56657
6074.67669844627  5.3326
6076.24209499359  13.31988
6077.80749154091  15.48154
6079.37288808822  14.50776
6080.93828463554  12.33901
6082.50368118286  3.10698
6084.06907773018  10.72326
6085.63447427749  6.936921
6087.19987082481  10.84677
6088.76526737213  8.810431
6090.33066391945  13.52987
6091.89606046676  13.61556
6093.46145701408  13.32421
6095.0268535614  13.63684
6096.59225010872  9.509561
6098.15764665603  1.535337
6099.72304320335  15.93577
6101.28843975067  18.71163
6102.85383629799  11.14884
6104.4192328453  17.94234
6105.98462939262  14.53117
6107.55002593994  16.95809
6109.11542248726  20.51001
6110.68081903457  15.87057
6112.24621558189  10.80151
6113.81161212921  12.05931
6115.37700867653  10.45793
6116.94240522384  11.09956
6118.50780177116  10.64198
6120.07319831848  14.83759
6121.6385948658  20.94997
6123.20399141311  12.24837
6124.76938796043  7.925446
6126.33478450775  14.934
6127.90018105507  17.91244
6129.46557760238  9.969501
6131.0309741497  13.93252
6132.59637069702  7.361393
6134.16176724434  5.583209
6135.72716379165  12.77109
6137.29256033897  11.39341
6138.85795688629  11.5546
6140.42335343361  10.21581
6141.98874998092  17.77518
6143.55414652824  13.07402
6145.11954307556  7.585178
6146.68493962288  13.21881
6148.25033617019  11.26759
6149.81573271751  10.631
6151.38112926483  18.35525
6152.94652581215  19.36536
6154.51192235946  8.139615
6156.07731890678  13.70118
6157.6427154541  14.67101
6159.20811200142  9.668594
6160.77350854873  10.81144
6162.33890509605  13.07246
6163.90430164337  10.49719
6165.46969819069  9.671782
6167.035094738  12.09511
6168.60049128532  15.42842
6170.16588783264  14.57731
6171.73128437995  10.5878
6173.29668092727  12.72073
6174.86207747459  11.92389
6176.42747402191  8.025024
6177.99287056923  13.19357
6179.55826711654  11.78757
6181.12366366386  10.59418
6182.68906021118  15.6967
6184.2544567585  9.283487
6185.81985330581  6.864315
6187.38524985313  11.18964
6188.95064640045  14.06977
6190.51604294777  15.96861
6192.08143949508  10.95501
6193.6468360424  14.58436
6195.21223258972  17.15055
6196.77762913703  11.13011
6198.34302568435  9.517531
6199.90842223167  14.39456
6201.47381877899  9.726127
6203.03921532631  9.863815
6204.60461187362  13.13666
6206.17000842094  13.66408
6207.73540496826  7.576428
6209.30080151558  4.298313
6210.86619806289  8.818373
6212.43159461021  9.088734
6213.99699115753  9.460371
6215.56238770485  8.143253
6217.12778425216  14.05564
6218.69318079948  11.83372
6220.2585773468  9.97555
6221.82397389411  10.20011
6223.38937044143  12.24384
6224.95476698875  13.05445
6226.52016353607  12.69125
6228.08556008338  11.2546
6229.6509566307  13.95182
6231.21635317802  9.052363
6232.78174972534  10.16917
6234.34714627266  17.20203
6235.91254281997  11.48229
6237.47793936729  14.42891
6239.04333591461  10.6406
6240.60873246193  13.82347
6242.17412900924  9.870934
6243.73952555656  10.8532
6245.30492210388  14.80165
6246.87031865119  16.21955
6248.43571519851  11.9662
6250.00111174583  5.198299
6251.56650829315  8.233162
6253.13190484046  10.37546
6254.69730138778  15.42536
6256.2626979351  11.00311
6257.82809448242  10.52086
6259.39349102973  15.93619
6260.95888757705  12.85474
6262.52428412437  8.90354
6264.08968067169  12.35283
6265.65507721901  8.187031
6267.22047376632  7.983124
6268.78587031364  7.022209
6270.35126686096  6.765318
6271.91666340828  12.98221
6273.48205995559  14.85298
6275.04745650291  12.14635
6276.61285305023  12.60969
6278.17824959755  10.57084
6279.74364614486  15.3031
6281.30904269218  8.083357
6282.8744392395  10.48609
6284.43983578682  5.145833
6286.00523233413  14.53659
6287.57062888145  19.69833
6289.13602542877  12.31031
6290.70142197609  9.929961
6292.2668185234  11.25096
6293.83221507072  10.53938
6295.39761161804  18.26777
6296.96300816536  24.62934
6298.52840471267  9.018127
6300.09380125999  14.61364
6301.65919780731  12.5151
6303.22459435463  15.9854
6304.78999090194  21.69418
6306.35538744926  6.023281
6307.92078399658  6.279662
6309.4861805439  7.74053
6311.05157709121  8.912973
6312.61697363853  13.39844
6314.18237018585  12.04431
6315.74776673317  4.061577
6317.31316328048  9.789916
6318.8785598278  17.68851
6320.44395637512  6.13928
6322.00935292243  5.701359
6323.57474946975  11.20982
6325.14014601707  11.59066
6326.70554256439  18.45829
6328.27093911171  20.04653
6329.83633565902  12.17913
6331.40173220634  13.55916
6332.96712875366  5.816014
6334.53252530098  12.34805
6336.09792184829  16.05728
6337.66331839561  11.28919
6339.22871494293  6.631125
6340.79411149025  11.03412
6342.35950803756  13.66587
6343.92490458488  9.796324
6345.4903011322  12.73413
6347.05569767952  8.95122
6348.62109422683  12.78598
6350.18649077415  7.989122
6351.75188732147  8.753548
6353.31728386879  13.81879
6354.8826804161  9.40271
6356.44807696342  12.16096
6358.01347351074  11.73398
6359.57887005806  18.37674
6361.14426660537  10.947
6362.70966315269  14.10362
6364.27505970001  27.79863
6365.84045624733  13.81062
6367.40585279464  12.08367
6368.97124934196  9.203059
6370.53664588928  14.54631
6372.1020424366  11.98836
6373.66743898391  6.616379
6375.23283553123  12.96911
6376.79823207855  2.757906
6378.36362862587  9.902576
6379.92902517318  5.385394
6381.4944217205  10.17529
6383.05981826782  3.194386
6384.62521481514  14.49656
6386.19061136245  13.68367
6387.75600790977  12.66349
6389.32140445709  19.18225
6390.88680100441  10.01674
6392.45219755172  14.21914
6394.01759409904  10.74942
6395.58299064636  7.799407
6397.14838719368  13.6439
6398.71378374099  6.754059
6400.27918028831  5.638223
6401.84457683563  11.18208
6403.40997338295  10.43036
6404.97536993026  15.47069
6406.54076647758  6.326112
6408.1061630249  10.79638
6409.67155957221  13.98162
6411.23695611953  12.81475
6412.80235266685  11.20842
6414.36774921417  12.14366
6415.93314576149  11.49424
6417.4985423088  7.908981
6419.06393885612  8.87447
6420.62933540344  8.095585
6422.19473195076  14.3319
6423.76012849807  10.33632
6425.32552504539  8.087748
6426.89092159271  11.00039
6428.45631814003  15.83619
6430.02171468734  9.325631
6431.58711123466  9.199912
6433.15250778198  6.546782
6434.7179043293  4.600873
6436.28330087661  8.119658
6437.84869742393  6.824785
6439.41409397125  15.32444
6440.97949051857  12.78268
6442.54488706588  9.68435
6444.1102836132  6.556067
6445.67568016052  7.456956
6447.24107670784  12.92816
6448.80647325515  13.04366
6450.37186980247  10.69983
6451.93726634979  14.47087
6453.50266289711  10.22886
6455.06805944442  5.397024
6456.63345599174  13.73946
6458.19885253906  6.862236
6459.76424908638  9.197948
6461.32964563369  11.29354
6462.89504218101  9.544479
6464.46043872833  11.3302
6466.02583527565  10.12272
6467.59123182296  10.79012
6469.15662837028  12.21874
6470.7220249176  8.746036
6472.28742146492  10.73667
6473.85281801223  11.65104
6475.41821455955  8.102051
6476.98361110687  6.013013
6478.54900765419  12.86389
6480.1144042015  6.462446
6481.67980074882  8.341075
6483.24519729614  5.918722
6484.81059384346  10.11014
6486.37599039077  11.98079
6487.94138693809  13.77321
6489.50678348541  2.314838
6491.07218003273  5.457591
6492.63757658004  7.664592
6494.20297312736  10.6881
6495.76836967468  11.51718
6497.333766222  7.570303
6498.89916276931  14.46836
6500.46455931663  11.74564
6502.02995586395  2.948778
6503.59535241127  6.587485
6505.16074895858  7.336955
6506.7261455059  10.59921
6508.29154205322  8.700923
6509.85693860054  12.17204
6511.42233514785  12.42988
6512.98773169517  10.91352
6514.55312824249  3.367831
6516.11852478981  10.53268
6517.68392133712  7.717104
6519.24931788444  9.231608
6520.81471443176  10.60567
6522.38011097908  14.2822
6523.94550752639  6.329199
6525.51090407371  11.12475
6527.07630062103  11.28585
6528.64169716835  5.227312
6530.20709371566  13.7881
6531.77249026298  3.875572
6533.3378868103  7.951459
6534.90328335762  8.622547
6536.46867990493  8.478351
6538.03407645225  13.41895
6539.59947299957  7.94449
6541.16486954689  9.99666
6542.7302660942  7.466514
6544.29566264152  13.72678
6545.86105918884  -1.767048
6547.42645573616  6.123344
6548.99185228347  10.93632
6550.55724883079  11.00355
6552.12264537811  9.523455
6553.68804192543  8.032526
6555.25343847274  5.956255
6556.81883502006  4.49428
6558.38423156738  9.016901
6559.9496281147  8.399136
6561.51502466201  10.45296
6563.08042120933  6.550641
6564.64581775665  9.25988
6566.21121430397  10.32007
6567.77661085128  7.493828
6569.3420073986  8.249546
6570.90740394592  10.62723
6572.47280049324  9.170921
6574.03819704055  8.310147
6575.60359358787  2.716807
6577.16899013519  8.639257
6578.73438668251  11.39266
6580.29978322982  10.67019
6581.86517977714  7.257627
6583.43057632446  11.15071
6584.99597287178  8.246241
6586.56136941909  4.608478
6588.12676596641  5.790182
6589.69216251373  1.075092
6591.25755906105  8.675513
6592.82295560836  8.817318
6594.38835215568  8.98247
6595.953748703  10.67847
6597.51914525032  8.809682
6599.08454179763  9.521614
6600.64993834495  11.10224
6602.21533489227  8.972643
6603.78073143959  7.006774
6605.3461279869  4.200902
6606.91152453422  15.4178
6608.47692108154  7.222744
6610.04231762886  7.276142
6611.60771417617  4.652537
6613.17311072349  8.965466
6614.73850727081  5.876351
6616.30390381813  11.60521
6617.86930036544  9.704218
6619.43469691276  7.922087
6621.00009346008  6.368693
6622.5654900074  4.171362
6624.13088655471  7.341136
6625.69628310203  8.733259
6627.26167964935  5.813343
6628.82707619667  13.15368
6630.39247274398  6.898067
6631.9578692913  8.627099
6633.52326583862  4.95274
6635.08866238594  8.935263
6636.65405893325  9.57854
6638.21945548057  5.777798
6639.78485202789  9.016308
6641.35024857521  2.332573
6642.91564512252  6.637424
6644.48104166984  3.987103
6646.04643821716  3.466021
6647.61183476448  8.913906
6649.17723131179  8.479265
6650.74262785911  6.264414
6652.30802440643  2.697453
6653.87342095375  10.08935
6655.43881750107  9.864816
6657.00421404838  4.304383
6658.5696105957  9.394968
6660.13500714302  8.402137
6661.70040369033  6.227806
6663.26580023765  5.751475
6664.83119678497  6.91167
6666.39659333229  5.352236
6667.9619898796  9.750323
6669.52738642692  5.288895
6671.09278297424  1.93999
6672.65817952156  8.649521
6674.22357606887  1.42367
6675.78897261619  5.22556
6677.35436916351  6.579101
6678.91976571083  3.917115
6680.48516225814  4.615718
6682.05055880546  5.357786
6683.61595535278  4.906265
6685.1813519001  9.53159
6686.74674844741  4.750093
6688.31214499473  9.401925
6689.87754154205  12.30373
6691.44293808937  8.25634
6693.00833463668  5.440516
6694.573731184  2.641082
6696.13912773132  6.964319
6697.70452427864  5.780475
6699.26992082595  9.218244
6700.83531737327  5.673316
6702.40071392059  5.991752
6703.96611046791  6.680809
6705.53150701522  7.046418
6707.09690356254  12.19271
6708.66230010986  9.455402
6710.22769665718  10.05247
6711.7930932045  6.729016
6713.35848975181  7.308011
6714.92388629913  6.939954
6716.48928284645  9.321252
6718.05467939376  7.340026
6719.62007594108  6.961321
6721.1854724884  4.244541
6722.75086903572  6.866707
6724.31626558303  7.494617
6725.88166213035  6.957264
6727.44705867767  3.643611
6729.01245522499  5.182483
6730.5778517723  7.423518
6732.14324831962  4.23268
6733.70864486694  3.63441
6735.27404141426  9.545889
6736.83943796157  9.260841
6738.40483450889  10.35667
6739.97023105621  15.67699
6741.53562760353  8.20868
6743.10102415084  5.962327
6744.66642069816  10.6849
6746.23181724548  12.1012
6747.7972137928  9.720269
6749.36261034011  9.542815
6750.92800688743  7.355136
6752.49340343475  4.285148
6754.05879998207  6.830508
6755.62419652938  4.068889
6757.1895930767  8.024146
6758.75498962402  7.745884
6760.32038617134  2.329219
6761.88578271865  6.671075
6763.45117926597  10.95343
6765.01657581329  5.628829
6766.58197236061  4.317036
6768.14736890792  -0.1041512
6769.71276545524  1.818159
6771.27816200256  6.99091
6772.84355854988  7.060964
6774.40895509719  3.357366
6775.97435164451  5.109757
6777.53974819183  0.3854866
6779.10514473915  8.740975
6780.67054128646  5.579471
6782.23593783378  4.904689
6783.8013343811  7.151898
6785.36673092842  6.085047
6786.93212747573  5.577811
6788.49752402305  5.01803
6790.06292057037  2.13707
6791.62831711769  4.054311
6793.193713665  7.420572
6794.75911021232  10.11582
6796.32450675964  12.56537
6797.88990330696  3.977398
6799.45529985427  4.170918
6801.02069640159  8.00235
6802.58609294891  4.763831
6804.15148949623  6.806373
6805.71688604354  9.776947
6807.28228259086  8.260584
6808.84767913818  4.530433
6810.4130756855  5.589883
6811.97847223281  4.986826
6813.54386878013  3.137959
6815.10926532745  5.097035
6816.67466187477  6.710191
6818.24005842208  10.89696
6819.8054549694  8.380171
6821.37085151672  7.265996
6822.93624806404  9.444017
6824.50164461135  5.390549
6826.06704115867  7.977969
6827.63243770599  8.653272
6829.19783425331  7.093306
6830.76323080062  1.763999
6832.32862734794  5.855083
6833.89402389526  8.022949
6835.45942044258  6.473204
6837.02481698989  8.013209
6838.59021353721  5.18466
6840.15561008453  5.540891
6841.72100663185  3.655602
6843.28640317916  1.300753
6844.85179972648  2.371068
6846.4171962738  5.270001
6847.98259282112  5.849923
6849.54798936843  4.924147
6851.11338591575  7.327154
6852.67878246307  7.888546
6854.24417901039  3.782316
6855.8095755577  5.376704
6857.37497210502  3.167964
6858.94036865234  4.780634
6860.50576519966  6.464737
6862.07116174697  11.43185
6863.63655829429  4.478781
6865.20195484161  1.472466
6866.76735138893  7.562197
6868.33274793624  7.88006
6869.89814448356  1.076241
6871.46354103088  5.324258
6873.0289375782  2.472414
6874.59433412551  2.024158
6876.15973067283  6.895002
6877.72512722015  7.813178
6879.29052376747  6.121975
6880.85592031478  7.767595
6882.4213168621  6.645099
6883.98671340942  9.57225
6885.55210995674  8.894547
6887.11750650405  5.59895
6888.68290305137  8.000429
6890.24829959869  2.822849
6891.81369614601  5.908753
6893.37909269333  4.951788
6894.94448924064  6.822207
6896.50988578796  1.504543
6898.07528233528  9.348038
6899.64067888259  3.768419
6901.20607542991  4.781896
6902.77147197723  6.88776
6904.33686852455  2.911228
6905.90226507186  5.555998
6907.46766161918  3.486023
6909.0330581665  4.171223
6910.59845471382  4.759225
6912.16385126113  3.654657
6913.72924780845  3.700064
6915.29464435577  0.1092963
6916.86004090309  3.421172
6918.4254374504  -3.625113
6919.99083399772  3.647471
6921.55623054504  8.378484
6923.12162709236  10.35855
6924.68702363968  6.556964
6926.25242018699  1.870449
6927.81781673431  7.125328
6929.38321328163  2.197615
6930.94860982894  5.533395
6932.51400637626  1.397721
6934.07940292358  3.516286
6935.6447994709  12.1426
6937.21019601821  9.337563
6938.77559256553  10.80476
6940.34098911285  3.137326
6941.90638566017  9.085123
6943.47178220748  0.8376088
6945.0371787548  5.769351
6946.60257530212  0.3285317
6948.16797184944  -3.290333
6949.73336839675  5.320236
6951.29876494407  6.555042
6952.86416149139  4.953107
6954.42955803871  0.3639669
6955.99495458602  1.504252
6957.56035113334  1.37427
6959.12574768066  6.489186
6960.69114422798  0.7295208
6962.2565407753  7.517519
6963.82193732261  2.833965
6965.38733386993  4.706138
6966.95273041725  4.578232
6968.51812696456  12.14057
6970.08352351188  4.317948
6971.6489200592  5.4251
6973.21431660652  7.580368
6974.77971315383  3.65487
6976.34510970115  0.06896782
6977.91050624847  -0.7242975
6979.47590279579  4.179551
6981.0412993431  6.100279
6982.60669589042  -1.661135
6984.17209243774  8.058164
6985.73748898506  -0.559804
6987.30288553237  9.647725
6988.86828207969  2.315811
6990.43367862701  2.2059
6991.99907517433  1.653753
6993.56447172164  6.705228
6995.12986826896  7.481009
6996.69526481628  -0.9017973
6998.2606613636  0.3091097
6999.82605791091  0.2402735
7001.39145445823  -4.302055
7002.95685100555  -2.98941
7004.52224755287  -2.737359
7006.08764410018  0.5638008
7007.6530406475  12.99769
7009.21843719482  8.569049
7010.78383374214  0.1107807
7012.34923028945  -0.1953449
7013.91462683677  2.940997
7015.48002338409  6.586783
7017.04541993141  1.371922
7018.61081647872  4.896938
7020.17621302604  4.483727
7021.74160957336  1.933298
7023.30700612068  3.686453
7024.87240266799  3.196239
7026.43779921531  7.346975
7028.00319576263  1.622721
7029.56859230995  -0.8719072
7031.13398885726  -1.027174
7032.69938540458  9.395987
7034.2647819519  3.748028
7035.83017849922  3.050662
7037.39557504654  -2.422773
7038.96097159385  3.443888
7040.52636814117  -0.8355646
7042.09176468849  4.354317
7043.6571612358  -1.764618
7045.22255778312  1.659087
7046.78795433044  -8.399475
7048.35335087776  0.8556767
7049.91874742508  -0.5662851
7051.48414397239  6.484011
7053.04954051971  3.970875
7054.61493706703  1.936677
7056.18033361435  3.446383
7057.74573016166  8.212019
7059.31112670898  -0.8517962
7060.8765232563  -2.291123
7062.44191980361  6.5721
7064.00731635093  -1.373031
7065.57271289825  6.419623
7067.13810944557  9.541273
7068.70350599288  2.036482
7070.2689025402  7.362455
7071.83429908752  1.924232
7073.39969563484  1.599633
7074.96509218215  7.107331
7076.53048872947  5.885045
7078.09588527679  -1.757453
7079.66128182411  1.213468
7081.22667837143  4.20171
7082.79207491874  1.96807
7084.35747146606  4.63762
7085.92286801338  2.581605
7087.4882645607  1.464517
7089.05366110801  9.72838
7090.61905765533  8.191857
7092.18445420265  6.377004
7093.74985074996  4.211619
7095.31524729728  8.690728
7096.8806438446  4.18226
7098.44604039192  5.457409
7100.01143693923  0.6482515
7101.57683348655  3.605855
7103.14223003387  2.496325
7104.70762658119  -4.029142
7106.2730231285  2.476876
7107.83841967582  7.51337
7109.40381622314  -4.933357
7110.96921277046  -9.080649
7112.53460931777  0.4184561
7114.10000586509  0.9402342
7115.66540241241  4.535508
7117.23079895973  11.46319
7118.79619550705  4.935476
7120.36159205436  -1.898983
7121.92698860168  3.63258
7123.492385149  0.8434248
7125.05778169632  3.084693
7126.62317824363  6.073474
7128.18857479095  4.550593
7129.75397133827  3.250031
7131.31936788558  0.2982941
7132.8847644329  1.580555
7134.45016098022  4.115818
7136.01555752754  2.444025
7137.58095407485  1.181578
7139.14635062217  -5.639431
7140.71174716949  -2.994629
7142.27714371681  0.003060341
7143.84254026413  4.044749
7145.40793681144  6.042653
7146.97333335876  -1.197824
7148.53872990608  -2.582186
7150.10412645339  4.82474
7151.66952300071  3.895885
7153.23491954803  2.68269
7154.80031609535  4.401262
7156.36571264267  0.7099323
7157.93110918998  5.257219
7159.4965057373  3.903101
7161.06190228462  0.8658562
7162.62729883193  6.217931
7164.19269537925  -0.07706356
7165.75809192657  -3.817856
7167.32348847389  5.468298
7168.8888850212  -0.6010456
7170.45428156852  1.31686
7172.01967811584  11.24484
7173.58507466316  -3.040783
7175.15047121047  -1.048827
7176.71586775779  0.1131878
7178.28126430511  5.669846
7179.84666085243  5.171009
7181.41205739974  -3.987127
7182.97745394706  2.697678
7184.54285049438  7.90681
7186.1082470417  6.908899
7187.67364358901  10.92172
7189.23904013633  4.406033
7190.80443668365  -6.078726
7192.36983323097  -3.60811
7193.93522977829  6.436886
7195.5006263256  -2.927122
7197.06602287292  -1.126722
7198.63141942024  5.165157
7200.19681596756  -0.4349518
7201.76221251487  -0.6227036
7203.32760906219  6.264841
7204.89300560951  -0.8495541
7206.45840215683  -2.268206
7208.02379870414  2.260849
7209.58919525146  1.894753
7211.15459179878  3.502066
7212.7199883461  0.1501446
7214.28538489341  7.444872
7215.85078144073  -0.06723595
7217.41617798805  -4.02334
7218.98157453537  6.224316
7220.54697108268  5.134769
7222.11236763  4.524323
7223.67776417732  5.797831
7225.24316072463  4.403208
7226.80855727195  3.958399
7228.37395381927  -3.169085
7229.93935036659  -0.06341171
7231.5047469139  5.52533
7233.07014346122  9.898451
7234.63554000854  -2.422926
7236.20093655586  -3.232187
7237.76633310318  3.151863
7239.33172965049  5.627901
7240.89712619781  10.4062
7242.46252274513  2.25251
7244.02791929245  -1.475105
7245.59331583976  3.162096
7247.15871238708  -6.285959
7248.7241089344  -7.101915
7250.28950548172  0.4268665
7251.85490202903  -0.3037472
7253.42029857635  -0.5169086
7254.98569512367  -0.05363846
7256.55109167098  2.932747
7258.1164882183  -1.638058
7259.68188476562  -7.990387
7261.24728131294  -0.1043549
7262.81267786025  6.326431
7264.37807440757  -7.926483
7265.94347095489  -3.830959
7267.50886750221  0.3880844
7269.07426404952  3.510334
7270.63966059684  7.863449
7272.20505714416  0.3400879
7273.77045369148  13.10685
7275.33585023879  -11.11292
7276.90124678611  -5.954758
7278.46664333343  3.359612
7280.03203988075  10.84974
7281.59743642806  14.97971
7283.16283297538  11.70427
7284.7282295227  20.9333
7286.29362607002  15.72972
7287.85902261733  19.57815
7289.42441916465  6.760651
7290.98981571197  4.532055
7292.55521225929  22.37901
7294.1206088066  18.46569
7295.68600535392  15.40101
7297.25140190124  12.48816
7298.81679844856  17.33374
7300.38219499587  -7.008942
7301.94759154319  8.969563
7303.51298809051  20.2303
7305.07838463783  22.58424
7306.64378118515  12.72809
7308.20917773246  0.6105118
7309.77457427978  11.36821
7311.3399708271  -2.721756
7312.90536737441  13.98694
7314.47076392173  3.964195
7316.03616046905  -11.25073
7317.60155701637  4.718971
7319.16695356368  -2.408592
7320.732350111  -12.46217
7322.29774665832  34.39987
7323.86314320564  -10.40427
7325.42853975295  -53.61501
7326.99393630027  6.333023
7328.55933284759  -3.871681
7330.12472939491  -41.94302
7331.69012594222  -16.61926
7333.25552248954  49.25178
7334.82091903686  46.59953
7336.38631558418  35.99099
7337.95171213149  -3.683563
7339.51710867881  -29.15187
7341.08250522613  3.122078
7342.64790177345  43.36272
7344.21329832076  3.821289
7345.77869486808  30.21703
7347.3440914154  17.42851
7348.90948796272  18.09648
7350.47488451003  7.324844
7352.04028105735  22.41312
7353.60567760467  62.56664
7355.17107415199  78.34528
7356.73647069931  -20.70279
7358.30186724662  56.91316
7359.86726379394  44.51224
7361.43266034126  27.85817
7362.99805688858  10.11958
7364.56345343589  17.18396
7366.12884998321  37.76656
7367.69424653053  18.82925
7369.25964307784  -17.62927
7370.82503962516  20.63467
7372.39043617248  36.52359
7373.9558327198  -20.9631
7375.52122926711  -87.02545
7377.08662581443  29.39656
7378.65202236175  100.1049
7380.21741890907  114.2914
7381.78281545639  7.515808
7383.3482120037  -11.38963
7384.91360855102  1.111328
7386.47900509834  -0.2172852
7388.04440164566  17.63823
7389.60979819297  40.71613
7391.17519474029  52.40117
7392.74059128761  124.7453
7394.30598783492  -39.46039
7395.87138438224  -123.0676
7397.43678092956  -38.86118
7399.00217747688  64.62056
7400.56757402419  54.7962
7402.13297057151  -2.095718
7403.69836711883  4.736435
7405.26376366615  -46.02512
7406.82916021346  -34.56461
7408.39455676078  21.15408
7409.9599533081  43.41682
7411.52534985542  13.36424
7413.09074640273  -56.88016
7414.65614295005  24.63281
7416.22153949737  -28.22809
7417.78693604469  -100.4729
7419.352332592  -42.80273
7420.91772913932  8.396011
7422.48312568664  9.416656
7424.04852223396  66.39813
7425.61391878128  51.13965
7427.17931532859  57.18654
7428.74471187591  21.63155
7430.31010842323  -72.59229
7431.87550497054  -31.50766
7433.44090151786  37.98277
7435.00629806518  36.59068
7436.5716946125  89.75847
7438.13709115981  30.55849
7439.70248770713  3.607193
7441.26788425445  37.6938
7442.83328080177  32.78156
7444.39867734908  25.29044
7445.9640738964  57.71338
7447.52947044372  -82.41063
7449.09486699104  -108.3342
7450.66026353836  -22.79315
7452.22566008567  -56.37735
7453.79105663299  -18.16443
7455.35645318031  -34.57808
7456.92184972762  -20.56479
7458.48724627494  -0.6790314
7460.05264282226  59.39117
7461.61803936958  2.187546
7463.1834359169  -98.92726
7464.74883246421  -17.36639
7466.31422901153  31.77785
7467.87962555885  -156.2914
7469.44502210617  -52.39803
7471.01041865348  5.422867
7472.5758152008  33.93976
7474.14121174812  46.82382
7475.70660829543  38.86551
7477.27200484275  43.26086
7478.83740139007  -28.1407
7480.40279793739  -57.52409
7481.96819448471  54.70613
7483.53359103202  -25.95032
7485.09898757934  39.1882
7486.66438412666  -6.555756
7488.22978067397  -22.26454
7489.79517722129  -25.52678
7491.36057376861  -6.481873
7492.92597031593  62.71889
7494.49136686324  54.42336
7496.05676341056  2.531128
7497.62215995788  -31.59579
7499.1875565052  -57.98926
7500.75295305251  21.36801
7502.31834959983  3.224075
7503.88374614715  -18.82301
7505.44914269447  -26.28981
7507.01453924178  88.85635
7508.5799357891  48.54265
7510.14533233642  115.8768
7511.71072888374  -5.146866
7513.27612543106  -38.09091
7514.84152197837  10.55179
7516.40691852569  53.71396
7517.97231507301  -49.05252
7519.53771162033  -3.971146
7521.10310816764  7.562683
7522.66850471496  80.74438
7524.23390126228  12.41084
7525.79929780959  45.81979
7527.36469435691  48.3578
7528.93009090423  16.9689
7530.49548745155  -104.5199
7532.06088399886  -38.92062
7533.62628054618  24.03514
7535.1916770935  -43.94159
7536.75707364082  -67.87042
7538.32247018814  -23.78615
7539.88786673545  33.40654
7541.45326328277  -22.8882
7543.01865983009  -39.80774
7544.58405637741  -2.037674
7546.14945292472  31.88011
7547.71484947204  2.125046
7549.28024601936  -15.41277
7550.84564256668  -36.84386
7552.41103911399  -41.04814
7553.97643566131  -19.0032
7555.54183220863  11.94908
7557.10722875594  -18.36598
7558.67262530326  22.98386
7560.23802185058  15.87225
7561.8034183979  34.6308
7563.36881494521  -20.76234
7564.93421149253  79.83275
7566.49960803985  18.97853
7568.06500458717  20.09041
7569.63040113448  -5.5336
7571.1957976818  -40.52879
7572.76119422912  22.37128
7574.32659077644  -34.38049
7575.89198732376  -56.27719
7577.45738387107  -5.531128
7579.02278041839  -75.41672
7580.58817696571  6.289398
7582.15357351303  40.89888
7583.71897006034  -46.25938
7585.28436660766  18.35341
7586.84976315498  9.453308
7588.4151597023  0.46698
7589.98055624961  15.80873
7591.54595279693  2.474167
7593.11134934425  -52.66827
7594.67674589156  -21.56204
7596.24214243888  3.443451
7597.8075389862  -17.70451
7599.37293553352  4.347794
7600.93833208083  34.05742
7602.50372862815  42.97331
7604.06912517547  14.80434
7605.63452172279  6.844086
7607.1999182701  8.168777
7608.76531481742  -24.90581
7610.33071136474  42.82399
7611.89610791206  -15.28258
7613.46150445938  0.960083
7615.02690100669  23.11609
7616.59229755401  56.44682
7618.15769410133  -25.34509
7619.72309064865  -21.80482
7621.28848719596  17.89072
7622.85388374328  -12.03419
7624.4192802906  26.28258
7625.98467683792  -34.15173
7627.55007338523  -47.08383
7629.11546993255  -29.16795
7630.68086647987  -0.4599304
7632.24626302719  5.296753
7633.8116595745  -25.88467
7635.37705612182  12.73837
7636.94245266914  4.804855
7638.50784921646  -32.96918
7640.07324576377  -33.68162
7641.63864231109  11.39989
7643.20403885841  12.07207
7644.76943540573  4.132965
7646.33483195304  17.46155
7647.90022850036  -22.0798
7649.46562504768  -39.63107
7651.03102159499  -38.57938
7652.59641814231  17.30452
7654.16181468963  43.47937
7655.72721123695  -21.60558
7657.29260778427  33.2047
7658.85800433158  24.32215
7660.4234008789  -20.09554
7661.98879742622  11.59269
7663.55419397353  30.01295
7665.11959052085  17.40042
7666.68498706817  -15.50274
7668.25038361549  -7.999947
7669.81578016281  17.20184
7671.38117671012  -11.96603
7672.94657325744  10.74934
7674.51196980476  -21.34424
7676.07736635208  35.04144
7677.64276289939  31.8569
7679.20815944671  -17.0061
7680.77355599403  -13.59634
7682.33895254135  19.33534
7683.90434908866  6.920982
7685.46974563598  8.571426
7687.0351421833  -10.83992
7688.60053873061  12.54733
7690.16593527793  -26.32286
7691.73133182525  -11.12821
7693.29672837257  9.840988
7694.86212491989  44.09812
7696.4275214672  -21.0369
7697.99291801452  5.416595
7699.55831456184  9.661835
7701.12371110916  14.3345
7702.68910765647  3.185699
7704.25450420379  -16.32735
7705.81990075111  19.5725
7707.38529729843  24.27158
7708.95069384574  15.8186
7710.51609039306  9.110016
7712.08148694038  33.20559
7713.6468834877  -34.61324
7715.21228003501  -11.28448
7716.77767658233  -9.852684
7718.34307312965  20.54112
7719.90846967696  -0.503624
7721.47386622428  8.220253
7723.0392627716  20.53355
7724.60465931892  -7.389481
7726.17005586623  -8.717937
7727.73545241355  4.613632
7729.30084896087  33.44255
7730.86624550819  1.598564
7732.43164205551  2.972404
7733.99703860282  6.472729
7735.56243515014  -14.52961
7737.12783169746  -0.2877426
7738.69322824478  -13.51831
7740.25862479209  -22.88249
7741.82402133941  21.17512
7743.38941788673  -13.25397
7744.95481443405  -17.7569
7746.52021098136  -11.10597
7748.08560752868  7.804749
7749.651004076  7.98045
7751.21640062332  2.592197
7752.78179717063  -12.02588
7754.34719371795  14.63795
7755.91259026527  8.107315
7757.47798681258  -19.23239
7759.0433833599  -0.1973839
7760.60877990722  12.62687
7762.17417645454  30.43922
7763.73957300186  13.68954
7765.30496954917  -0.6274567
7766.87036609649  2.865532
7768.43576264381  -11.90792
7770.00115919112  -14.46813
7771.56655573844  -14.43122
7773.13195228576  -17.38538
7774.69734883308  -6.106163
7776.2627453804  -2.52029
7777.82814192771  -21.38263
7779.39353847503  2.551064
7780.95893502235  5.118862
7782.52433156967  -3.289154
7784.08972811698  -9.807568
7785.6551246643  -3.553856
7787.22052121162  -2.539375
7788.78591775894  -10.66729
7790.35131430625  4.483463
7791.91671085357  -2.051022
7793.48210740089  -21.44938
7795.04750394821  -12.92387
7796.61290049552  -9.013283
7798.17829704284  1.721592
7799.74369359016  7.897518
7801.30909013747  4.52824
7802.87448668479  -10.19004
7804.43988323211  4.67173
7806.00527977943  6.603603
7807.57067632675  4.463804
7809.13607287406  8.358561
7810.70146942138  5.148579
7812.2668659687  -5.21027
7813.83226251601  -7.093462
7815.39765906333  4.845787
7816.96305561065  8.360226
7818.52845215797  9.216307
7820.09384870529  5.254618
7821.6592452526  0.9964199
7823.22464179992  -3.06743
7824.79003834724  8.850016
7826.35543489455  0.2449627
7827.92083144187  3.398588
7829.48622798919  -3.654943
7831.05162453651  -5.447836
7832.61702108382  1.521542
7834.18241763114  -5.344772
7835.74781417846  -0.5351429
7837.31321072578  7.733038
7838.87860727309  11.3596
7840.44400382041  -0.4588604
7842.00940036773  -5.834478
7843.57479691505  -2.780025
7845.14019346237  1.892197
7846.70559000968  -2.410206
7848.270986557  -7.907736
7849.83638310432  1.535089
7851.40177965164  -0.7458878
7852.96717619895  6.633537
7854.53257274627  -1.914406
7856.09796929359  5.900223
7857.66336584091  4.942999
7859.22876238822  1.804554
7860.79415893554  -2.161011
7862.35955548286  4.314402
7863.92495203018  -1.390768
7865.49034857749  -2.07564
7867.05574512481  -0.8232937
7868.62114167213  -2.555378
7870.18653821945  -4.716793
7871.75193476676  -4.041903
7873.31733131408  -1.360165
7874.8827278614  -1.196306
7876.44812440871  0.06874466
7878.01352095603  4.672717
7879.57891750335  1.446774
7881.14431405067  4.549767
7882.70971059798  9.135312
7884.2751071453  -0.3423367
7885.84050369262  4.126469
7887.40590023994  2.652963
7888.97129678726  -1.851583
7890.53669333457  6.790188
7892.10208988189  2.191084
7893.66748642921  -12.35291
7895.23288297653  0.9056282
7896.79827952384  1.511717
7898.36367607116  5.254258
7899.92907261848  -5.289257
7901.4944691658  -2.254457
7903.05986571311  -0.682333
7904.62526226043  -0.002737999
7906.19065880775  2.675529
7907.75605535506  2.581014
7909.32145190238  6.803885
7910.8868484497  7.745523
7912.45224499702  -0.1050091
7914.01764154434  3.548303
7915.58303809165  -6.162503
7917.14843463897  -0.3796406
7918.71383118629  -1.284108
7920.2792277336  -4.031996
7921.84462428092  3.235068
7923.41002082824  -0.1392155
7924.97541737556  3.802355
7926.54081392288  5.158241
7928.10621047019  1.0301
7929.67160701751  9.497444
7931.23700356483  -6.990512
7932.80240011214  -5.305913
7934.36779665946  4.642611
7935.93319320678  3.596508
7937.4985897541  6.91416
7939.06398630142  0.6876898
7940.62938284873  1.70448
7942.19477939605  -5.387395
7943.76017594337  -4.516721
7945.32557249069  4.637402
7946.890969038  -0.1414843
7948.45636558532  -0.05551243
7950.02176213264  4.563732
7951.58715867996  -2.824841
7953.15255522727  0.2404814
7954.71795177459  4.494106
7956.28334832191  -6.086445
7957.84874486923  -1.121471
7959.41414141654  -2.170784
7960.97953796386  1.20302
7962.54493451118  7.071825
7964.1103310585  2.950688
7965.67572760581  2.986291
7967.24112415313  -2.220436
