4065.84692382812  -0.6779722
4067.41295874119  -2.423782
4068.97899365425  -3.092653
4070.54502856731  4.703077
4072.11106348038  5.855493
4073.67709839344  1.216504
4075.2431333065  12.12425
4076.80916821957  -2.795596
4078.37520313263  -0.4814074
4079.94123804569  4.816587
4081.50727295876  -2.153124
4083.07330787182  1.601642
4084.63934278488  4.30948
4086.20537769794  2.156402
4087.77141261101  -1.057646
4089.33744752407  0.7519248
4090.90348243713  3.939689
4092.4695173502  -2.19378
4094.03555226326  2.587893
4095.60158717632  5.993375
4097.16762208938  3.205081
4098.73365700245  -6.178857
4100.29969191551  4.222298
4101.86572682858  7.059634
4103.43176174164  3.13816
4104.9977966547  1.557668
4106.56383156776  4.178025
4108.12986648083  0.2803686
4109.69590139389  -1.417255
4111.26193630695  3.460534
4112.82797122002  -6.879786
4114.39400613308  0.1454868
4115.96004104614  4.575856
4117.52607595921  -5.121182
4119.09211087227  -1.103935
4120.65814578533  6.766123
4122.22418069839  -5.859077
4123.79021561146  1.515906
4125.35625052452  -3.638283
4126.92228543758  2.628348
4128.48832035065  8.667877
4130.05435526371  1.847642
4131.62039017677  9.563103
4133.18642508984  1.49922
4134.7524600029  -1.586513
4136.31849491596  5.403051
4137.88452982902  6.455371
4139.45056474209  5.091029
4141.01659965515  -2.411914
4142.58263456821  -1.527108
4144.14866948128  -5.419051
4145.71470439434  0.668119
4147.2807393074  9.177979
4148.84677422047  -5.525999
4150.41280913353  3.43104
4151.97884404659  -2.878622
4153.54487895966  5.702019
4155.11091387272  -4.310452
4156.67694878578  -2.191388
4158.24298369885  -0.1649371
4159.80901861191  1.739612
4161.37505352497  1.853824
4162.94108843803  -1.690126
4164.5071233511  4.784258
4166.07315826416  -0.3202467
4167.63919317722  3.143655
4169.20522809029  -14.31625
4170.77126300335  -18.07034
4172.33729791641  -8.596561
4173.90333282948  -4.211898
4175.46936774254  -14.60602
4177.0354026556  -4.627272
4178.60143756866  -8.002083
4180.16747248173  4.965727
4181.73350739479  -2.178488
4183.29954230785  4.755127
4184.86557722092  4.041814
4186.43161213398  6.974085
4187.99764704704  -4.426135
4189.56368196011  -4.907429
4191.12971687317  -5.725683
4192.69575178623  5.53302
4194.26178669929  5.335333
4195.82782161236  6.965594
4197.39385652542  5.335965
4198.95989143848  1.332982
4200.52592635155  -2.524628
4202.09196126461  -4.107038
4203.65799617767  -1.338211
4205.22403109074  -0.7720305
4206.7900660038  -0.9152798
4208.35610091686  -4.130358
4209.92213582993  -5.122614
4211.48817074299  5.523105
4213.05420565605  -0.8397119
4214.62024056911  0.5091758
4216.18627548218  3.649887
4217.75231039524  0.4003478
4219.3183453083  10.41997
4220.88438022137  3.49536
4222.45041513443  5.369602
4224.01645004749  1.027349
4225.58248496056  -1.670927
4227.14851987362  -6.610325
4228.71455478668  -3.266112
4230.28058969974  0.3913441
4231.84662461281  5.860044
4233.41265952587  5.267985
4234.97869443893  2.668874
4236.544729352  8.196777
4238.11076426506  -6.489854
4239.67679917812  -14.0255
4241.24283409119  9.287501
4242.80886900425  -1.209267
4244.37490391731  7.008988
4245.94093883038  3.487499
4247.50697374344  8.139429
4249.0730086565  11.55743
4250.63904356957  0.8339006
4252.20507848263  -0.07052231
4253.77111339569  0.05079269
4255.33714830875  11.94132
4256.90318322182  2.322389
4258.46921813488  0.6647787
4260.03525304794  1.314481
4261.60128796101  2.384624
4263.16732287407  -1.471397
4264.73335778713  -1.52119
4266.2993927002  -6.875919
4267.86542761326  1.843686
4269.43146252632  2.845419
4270.99749743938  -8.463489
4272.56353235245  -3.827423
4274.12956726551  8.893942
4275.69560217857  11.84587
4277.26163709164  0.06697059
4278.8276720047  6.535645
4280.39370691776  3.518458
4281.95974183083  5.230895
4283.52577674389  2.437083
4285.09181165695  5.376426
4286.65784657002  8.73111
4288.22388148308  2.717878
4289.78991639614  1.94592
4291.3559513092  3.488238
4292.92198622227  15.64685
4294.48802113533  7.136365
4296.05405604839  3.137046
4297.62009096146  -2.758427
4299.18612587452  -9.923165
4300.75216078758  -9.814899
4302.31819570065  -3.293466
4303.88423061371  -1.053369
4305.45026552677  6.407854
4307.01630043983  -0.324448
4308.5823353529  -0.6918516
4310.14837026596  2.970176
4311.71440517902  -8.177356
4313.28044009209  3.708536
4314.84647500515  5.656259
4316.41250991821  -5.214537
4317.97854483128  0.8750238
4319.54457974434  2.929
4321.1106146574  -11.90605
4322.67664957047  -11.81849
4324.24268448353  -2.96851
4325.80871939659  1.704079
4327.37475430965  -6.072651
4328.94078922272  -2.540744
4330.50682413578  -2.023818
4332.07285904884  -0.008264065
4333.63889396191  0.5813866
4335.20492887497  -0.8363605
4336.77096378803  -10.94888
4338.3369987011  -3.535965
4339.90303361416  5.629451
4341.46906852722  -2.866613
4343.03510344028  5.504194
4344.60113835335  9.437263
4346.16717326641  3.78559
4347.73320817947  -2.749108
4349.29924309254  -0.4984589
4350.8652780056  2.867827
4352.43131291866  -0.2429839
4353.99734783173  1.831338
4355.56338274479  11.18222
4357.12941765785  6.795517
4358.69545257091  -5.531264
4360.26148748398  0.188442
4361.82752239704  1.253975
4363.3935573101  2.873449
4364.95959222317  5.017667
4366.52562713623  0.9684515
4368.09166204929  -2.2333
4369.65769696236  -2.286513
4371.22373187542  11.01958
4372.78976678848  9.49771
4374.35580170155  -4.077324
4375.92183661461  0.09673429
4377.48787152767  14.17011
4379.05390644073  -7.540895
4380.6199413538  -3.723565
4382.18597626686  13.68968
4383.75201117992  20.69047
4385.31804609299  19.35417
4386.88408100605  4.381221
4388.45011591911  -4.215557
4390.01615083218  8.11453
4391.58218574524  10.44318
4393.1482206583  1.009017
4394.71425557137  5.527375
4396.28029048443  -0.1284482
4397.84632539749  3.320679
4399.41236031055  -0.02632403
4400.97839522362  8.703986
4402.54443013668  9.540268
4404.11046504974  1.769231
4405.67649996281  3.27885
4407.24253487587  -8.215372
4408.80856978893  -1.109306
4410.374604702  1.501761
4411.94063961506  1.68574
4413.50667452812  -1.462789
4415.07270944119  -7.799701
4416.63874435425  1.175965
4418.20477926731  11.82062
4419.77081418037  0.4222009
4421.33684909344  -7.7624
4422.9028840065  -2.188221
4424.46891891956  -4.10499
4426.03495383263  17.14459
4427.60098874569  0.3436737
4429.16702365875  6.531732
4430.73305857182  0.8679659
4432.29909348488  4.170271
4433.86512839794  -3.373352
4435.431163311  0.6587596
4436.99719822407  7.480935
4438.56323313713  6.6378
4440.12926805019  4.085981
4441.69530296326  2.534591
4443.26133787632  3.278639
4444.82737278938  0.04563761
4446.39340770245  -4.194932
4447.95944261551  3.059851
4449.52547752857  5.12531
4451.09151244164  7.656157
4452.6575473547  2.618011
4454.22358226776  6.277585
4455.78961718082  -0.7604373
4457.35565209389  6.453753
4458.92168700695  3.754175
4460.48772192001  1.249787
4462.05375683308  0.5934044
4463.61979174614  4.934856
4465.1858266592  6.814041
4466.75186157227  5.834166
4468.31789648533  2.059881
4469.88393139839  2.774925
4471.44996631146  2.43378
4473.01600122452  -0.7362947
4474.58203613758  -3.72207
4476.14807105064  -4.164743
4477.71410596371  3.656309
4479.28014087677  -2.282956
4480.84617578983  -1.32268
4482.4122107029  5.615312
4483.97824561596  -5.130035
4485.54428052902  -1.108619
4487.11031544209  8.815298
4488.67635035515  11.19647
4490.24238526821  2.487488
4491.80842018127  1.332633
4493.37445509434  -2.537423
4494.9404900074  4.233361
4496.50652492046  -1.113531
4498.07255983353  -1.95302
4499.63859474659  0.009937525
4501.20462965965  1.114437
4502.77066457272  12.31109
4504.33669948578  6.043728
4505.90273439884  2.02414
4507.46876931191  2.895643
4509.03480422497  5.588847
4510.60083913803  3.25831
4512.16687405109  0.2404638
4513.73290896416  4.170433
4515.29894387722  -1.78223
4516.86497879028  -1.766597
4518.43101370335  3.587799
4519.99704861641  7.442995
4521.56308352947  9.59397
4523.12911844254  0.2496293
4524.6951533556  0.268356
4526.26118826866  6.987022
4527.82722318172  -0.7813812
4529.39325809479  1.64741
4530.95929300785  -0.9863126
4532.52532792091  2.078434
4534.09136283398  -3.495189
4535.65739774704  2.075469
4537.2234326601  -4.025017
4538.78946757317  2.423956
4540.35550248623  3.071413
4541.92153739929  0.4714398
4543.48757231235  6.771451
4545.05360722542  8.136347
4546.61964213848  2.432436
4548.18567705154  6.512645
4549.75171196461  1.352891
4551.31774687767  6.455737
4552.88378179073  9.928574
4554.4498167038  16.63953
4556.01585161686  11.82592
4557.58188652992  2.796809
4559.14792144299  2.614028
4560.71395635605  16.32842
4562.27999126911  -1.331092
4563.84602618218  12.74832
4565.41206109524  5.21723
4566.9780960083  -0.6628289
4568.54413092137  7.636765
4570.11016583443  -2.386514
4571.67620074749  -4.258031
4573.24223566055  -0.3810148
4574.80827057362  -2.456472
4576.37430548668  -3.793069
4577.94034039974  -4.41536
4579.50637531281  8.950379
4581.07241022587  -5.362204
4582.63844513893  -9.687336
4584.204480052  -2.453257
4585.77051496506  -3.001931
4587.33654987812  -0.4710388
4588.90258479118  3.493157
4590.46861970425  -2.154297
4592.03465461731  -1.529185
4593.60068953037  6.104373
4595.16672444344  -2.845829
4596.7327593565  1.016014
4598.29879426956  -5.61284
4599.86482918263  -3.620951
4601.43086409569  8.343998
4602.99689900875  4.337849
4604.56293392181  4.656443
4606.12896883488  3.277194
4607.69500374794  -5.701415
4609.261038661  -3.110049
4610.82707357407  6.82966
4612.39310848713  2.731991
4613.95914340019  6.143453
4615.52517831326  -0.6160233
4617.09121322632  6.021253
4618.65724813938  3.218778
4620.22328305244  2.548554
4621.78931796551  9.486397
4623.35535287857  -0.05839354
4624.92138779164  2.65941
4626.4874227047  5.150344
4628.05345761776  -1.874416
4629.61949253082  -2.712883
4631.18552744389  -4.722743
4632.75156235695  5.582967
4634.31759727001  0.8941395
4635.88363218308  6.882055
4637.44966709614  0.3086356
4639.0157020092  -5.928758
4640.58173692226  0.8437241
4642.14777183533  5.647388
4643.71380674839  -4.966002
4645.27984166145  3.635958
4646.84587657452  0.2179036
4648.41191148758  2.186999
4649.97794640064  9.255007
4651.54398131371  9.939123
4653.11001622677  -1.951488
4654.67605113983  1.137669
4656.2420860529  3.419085
4657.80812096596  4.204315
4659.37415587902  11.31426
4660.94019079208  20.36613
4662.50622570515  1.727379
4664.07226061821  4.390526
4665.63829553127  4.459441
4667.20433044434  -2.109157
4668.7703653574  2.767803
4670.33640027046  8.704012
4671.90243518353  7.214681
4673.46847009659  -3.052665
4675.03450500965  2.971932
4676.60053992272  3.748015
4678.16657483578  7.186417
4679.73260974884  3.911489
4681.2986446619  1.294521
4682.86467957497  8.884907
4684.43071448803  1.955092
4685.99674940109  4.214568
4687.56278431416  6.823735
4689.12881922722  -3.788888
4690.69485414028  6.889255
4692.26088905335  14.33551
4693.82692396641  3.733941
4695.39295887947  5.022069
4696.95899379253  5.535764
4698.5250287056  2.888757
4700.09106361866  4.937533
4701.65709853172  4.741066
4703.22313344479  8.919726
4704.78916835785  6.326517
4706.35520327091  -1.013174
4707.92123818398  10.7442
4709.48727309704  21.03323
4711.0533080101  9.361242
4712.61934292317  6.704333
4714.18537783623  2.836902
4715.75141274929  5.050107
4717.31744766235  2.974763
4718.88348257542  10.94988
4720.44951748848  8.806684
4722.01555240154  5.030365
4723.58158731461  -3.190932
4725.14762222767  2.734737
4726.71365714073  4.741517
4728.2796920538  5.162791
4729.84572696686  4.529544
4731.41176187992  10.27582
4732.97779679299  9.94054
4734.54383170605  6.462528
4736.10986661911  2.807252
4737.67590153217  16.30505
4739.24193644524  -4.388421
4740.8079713583  7.636725
4742.37400627136  2.422859
4743.94004118443  -6.133683
4745.50607609749  8.557333
4747.07211101055  11.91772
4748.63814592362  2.283957
4750.20418083668  -3.292176
4751.77021574974  6.463338
4753.3362506628  -1.727523
4754.90228557587  5.67783
4756.46832048893  0.5674331
4758.03435540199  -2.823237
4759.60039031506  5.927895
4761.16642522812  6.627466
4762.73246014118  -5.29647
4764.29849505425  8.514027
4765.86452996731  2.039981
4767.43056488037  6.411242
4768.99659979343  -0.6181439
4770.5626347065  -1.130539
4772.12866961956  7.781299
4773.69470453262  4.181254
4775.26073944569  4.291774
4776.82677435875  4.200759
4778.39280927181  11.56796
4779.95884418488  15.26927
4781.52487909794  6.426738
4783.090914011  -4.142026
4784.65694892406  5.764403
4786.22298383713  7.991697
4787.78901875019  -0.1712329
4789.35505366325  4.722046
4790.92108857632  12.53346
4792.48712348938  11.02968
4794.05315840244  1.412075
4795.61919331551  -0.6041255
4797.18522822857  15.37725
4798.75126314163  4.857605
4800.3172980547  -0.3466147
4801.88333296776  3.734147
4803.44936788082  4.086483
4805.01540279389  4.797142
4806.58143770695  12.72561
4808.14747262001  11.22861
4809.71350753307  3.449188
4811.27954244614  7.605715
4812.8455773592  -0.8088403
4814.41161227226  7.870863
4815.97764718533  -0.3610622
4817.54368209839  5.746709
4819.10971701145  2.515402
4820.67575192452  8.035408
4822.24178683758  4.675618
4823.80782175064  -0.1176177
4825.3738566637  2.667724
4826.93989157677  3.644586
4828.50592648983  1.708798
4830.07196140289  11.10027
4831.63799631596  3.816782
4833.20403122902  4.180616
4834.77006614208  5.746762
4836.33610105515  4.803592
4837.90213596821  9.813941
4839.46817088127  4.732266
4841.03420579434  6.473714
4842.6002407074  1.768082
4844.16627562046  5.692271
4845.73231053352  -3.900471
4847.29834544659  9.785918
4848.86438035965  4.852399
4850.43041527271  1.178145
4851.99645018578  7.175589
4853.56248509884  7.407561
4855.1285200119  8.20333
4856.69455492497  5.432588
4858.26058983803  10.72462
4859.82662475109  -1.294278
4861.39265966415  4.923106
4862.95869457722  10.55265
4864.52472949028  1.00065
4866.09076440334  4.819364
4867.65679931641  -0.007825375
4869.22283422947  2.206805
4870.78886914253  4.187084
4872.3549040556  3.835282
4873.92093896866  6.560983
4875.48697388172  -2.312226
4877.05300879479  5.997025
4878.61904370785  7.024474
4880.18507862091  11.72067
4881.75111353397  13.0136
4883.31714844704  6.315458
4884.8831833601  6.450314
4886.44921827316  10.15105
4888.01525318623  3.180894
4889.58128809929  11.18283
4891.14732301235  -1.229917
4892.71335792542  5.202281
4894.27939283848  9.718651
4895.84542775154  -3.563843
4897.41146266461  0.05246997
4898.97749757767  4.518182
4900.54353249073  4.364552
4902.10956740379  6.929864
4903.67560231686  5.612979
4905.24163722992  5.771194
4906.80767214298  6.307622
4908.37370705605  8.256529
4909.93974196911  7.503229
4911.50577688217  7.339933
4913.07181179524  16.61515
4914.6378467083  4.047983
4916.20388162136  5.0488
4917.76991653442  -3.063754
4919.33595144749  -4.885684
4920.90198636055  0.7776642
4922.46802127361  2.137662
4924.03405618668  8.227517
4925.60009109974  2.30324
4927.1661260128  16.9029
4928.73216092587  5.214067
4930.29819583893  6.406272
4931.86423075199  -1.963875
4933.43026566505  -0.4422784
4934.99630057812  11.52167
4936.56233549118  5.388356
4938.12837040425  4.917588
4939.69440531731  -0.9011474
4941.26044023037  3.526184
4942.82647514343  6.182831
4944.3925100565  11.18698
4945.95854496956  1.916738
4947.52457988262  9.108893
4949.09061479569  12.76424
4950.65664970875  6.684742
4952.22268462181  5.319613
4953.78871953487  -1.786385
4955.35475444794  9.886034
4956.920789361  5.663058
4958.48682427406  0.174036
4960.05285918713  14.73182
4961.61889410019  2.901787
4963.18492901325  5.555987
4964.75096392632  8.31022
4966.31699883938  18.72686
4967.88303375244  1.384017
4969.44906866551  11.08839
4971.01510357857  20.99747
4972.58113849163  -0.2919092
4974.14717340469  4.726002
4975.71320831776  5.984172
4977.27924323082  3.833983
4978.84527814388  11.16781
4980.41131305695  5.859154
4981.97734797001  3.531508
4983.54338288307  13.59183
4985.10941779614  6.295538
4986.6754527092  8.536673
4988.24148762226  0.06723475
4989.80752253532  1.525632
4991.37355744839  9.378556
4992.93959236145  -3.804066
4994.50562727451  -6.070808
4996.07166218758  2.931198
4997.63769710064  4.066575
4999.2037320137  1.151628
5000.76976692677  5.478403
5002.33580183983  7.559649
5003.90183675289  12.75545
5005.46787166596  9.649075
5007.03390657902  3.335836
5008.59994149208  14.67423
5010.16597640515  -0.7114515
5011.73201131821  1.936509
5013.29804623127  7.957891
5014.86408114434  15.81767
5016.4301160574  13.97679
5017.99615097046  8.387569
5019.56218588352  9.215004
5021.12822079659  8.487818
5022.69425570965  2.550638
5024.26029062271  9.007401
5025.82632553578  8.588696
5027.39236044884  7.471035
5028.9583953619  3.61984
5030.52443027496  15.53488
5032.09046518803  6.376245
5033.65650010109  6.785123
5035.22253501415  3.506361
5036.78856992722  9.516044
5038.35460484028  -2.575994
5039.92063975334  1.563317
5041.48667466641  8.60197
5043.05270957947  3.186361
5044.61874449253  9.52675
5046.1847794056  7.640131
5047.75081431866  7.661805
5049.31684923172  17.8104
5050.88288414478  6.874884
5052.44891905785  7.443771
5054.01495397091  9.717416
5055.58098888397  -0.864128
5057.14702379704  1.991791
5058.7130587101  8.190335
5060.27909362316  13.6544
5061.84512853623  8.083712
5063.41116344929  12.03247
5064.97719836235  7.129119
5066.54323327542  15.92581
5068.10926818848  13.11288
5069.67530310154  9.566953
5071.24133801461  9.876329
5072.80737292767  18.70594
5074.37340784073  12.94889
5075.93944275379  12.61857
5077.50547766686  7.317386
5079.07151257992  10.50801
5080.63754749298  11.72823
5082.20358240605  8.853332
5083.76961731911  23.9996
5085.33565223217  4.685874
5086.90168714524  16.73186
5088.4677220583  19.29471
5090.03375697136  16.50632
5091.59979188443  20.10905
5093.16582679749  16.18731
5094.73186171055  9.94824
5096.29789662361  21.96155
5097.86393153668  16.81026
5099.42996644974  25.60635
5100.9960013628  6.848591
5102.56203627587  4.751778
5104.12807118893  19.55396
5105.69410610199  14.21176
5107.26014101506  15.60358
5108.82617592812  5.811044
5110.39221084118  1.697788
5111.95824575424  11.0722
5113.52428066731  13.64115
5115.09031558037  15.60288
5116.65635049343  17.21612
5118.2223854065  28.12742
5119.78842031956  13.32796
5121.35445523262  10.09584
5122.92049014569  16.45691
5124.48652505875  20.41375
5126.05255997181  20.81098
5127.61859488487  18.72341
5129.18462979794  21.76188
5130.750664711  24.55597
5132.31669962406  18.79382
5133.88273453713  14.92056
5135.44876945019  18.61179
5137.01480436325  11.02008
5138.58083927632  5.208117
5140.14687418938  20.59022
5141.71290910244  21.84148
5143.27894401551  18.17634
5144.84497892857  18.48499
5146.41101384163  19.91059
5147.9770487547  12.04432
5149.54308366776  15.48241
5151.10911858082  18.04367
5152.67515349388  5.425317
5154.24118840695  11.50755
5155.80722332001  8.26027
5157.37325823307  3.835275
5158.93929314614  16.0148
5160.5053280592  7.761585
5162.07136297226  17.20684
5163.63739788533  12.96374
5165.20343279839  21.21725
5166.76946771145  15.81213
5168.33550262451  13.31392
5169.90153753758  17.99996
5171.46757245064  3.456428
5173.0336073637  13.58455
5174.59964227677  17.15771
5176.16567718983  15.07124
5177.73171210289  0.3659353
5179.29774701596  20.82795
5180.86378192902  17.07883
5182.42981684208  19.25901
5183.99585175514  16.15107
5185.56188666821  5.744642
5187.12792158127  10.46046
5188.69395649433  25.70028
5190.2599914074  15.84912
5191.82602632046  12.97832
5193.39206123352  17.43025
5194.95809614659  13.48248
5196.52413105965  11.40918
5198.09016597271  27.12646
5199.65620088578  18.08916
5201.22223579884  7.856385
5202.7882707119  13.27458
5204.35430562496  10.91433
5205.92034053803  7.307263
5207.48637545109  10.07419
5209.05241036415  6.586997
5210.61844527722  27.46273
5212.18448019028  12.99365
5213.75051510334  12.86755
5215.31655001641  15.51481
5216.88258492947  18.85804
5218.44861984253  22.22521
5220.01465475559  20.63727
5221.58068966866  19.19899
5223.14672458172  16.7294
5224.71275949478  20.37489
5226.27879440785  16.70703
5227.84482932091  18.12014
5229.41086423397  22.0764
5230.97689914704  22.2433
5232.5429340601  13.96811
5234.10896897316  12.02689
5235.67500388622  13.9507
5237.24103879929  3.66137
5238.80707371235  14.21134
5240.37310862542  20.61645
5241.93914353848  13.62851
5243.50517845154  15.20037
5245.0712133646  18.00245
5246.63724827767  13.53254
5248.20328319073  7.717185
5249.76931810379  11.83583
5251.33535301685  26.31011
5252.90138792992  5.247034
5254.46742284298  6.811429
5256.03345775605  7.793857
5257.59949266911  21.20466
5259.16552758217  8.477897
5260.73156249523  6.811251
5262.2975974083  14.9237
5263.86363232136  20.41708
5265.42966723442  2.885057
5266.99570214749  10.51801
5268.56173706055  16.58185
5270.12777197361  17.2544
5271.69380688668  16.27361
5273.25984179974  10.47011
5274.8258767128  12.31863
5276.39191162586  23.54175
5277.95794653893  30.35485
5279.52398145199  18.61787
5281.09001636505  12.74588
5282.65605127812  18.9992
5284.22208619118  14.00648
5285.78812110424  19.64954
5287.35415601731  22.69043
5288.92019093037  17.29561
5290.48622584343  20.06786
5292.05226075649  12.36405
5293.61829566956  12.86367
5295.18433058262  23.16536
5296.75036549569  8.993706
5298.31640040875  19.26807
5299.88243532181  10.81197
5301.44847023487  7.42082
5303.01450514794  16.49058
5304.580540061  18.45926
5306.14657497406  16.33956
5307.71260988712  15.63463
5309.27864480019  17.43964
5310.84467971325  24.17558
5312.41071462631  21.32367
5313.97674953938  15.03121
5315.54278445244  32.21811
5317.1088193655  15.32108
5318.67485427857  14.0353
5320.24088919163  9.668974
5321.80692410469  20.15821
5323.37295901776  24.94571
5324.93899393082  15.29611
5326.50502884388  14.11174
5328.07106375695  18.61577
5329.63709867001  21.56403
5331.20313358307  14.15675
5332.76916849613  19.66231
5334.3352034092  18.53886
5335.90123832226  9.76797
5337.46727323532  16.56503
5339.03330814839  16.06293
5340.59934306145  15.36821
5342.16537797451  23.14685
5343.73141288758  24.00769
5345.29744780064  18.8966
5346.8634827137  27.11098
5348.42951762676  15.99349
5349.99555253983  22.54622
5351.56158745289  22.84039
5353.12762236595  24.66861
5354.69365727902  25.94529
5356.25969219208  22.17513
5357.82572710514  19.70445
5359.39176201821  14.92365
5360.95779693127  15.45522
5362.52383184433  11.93585
5364.08986675739  11.23825
5365.65590167046  13.85453
5367.22193658352  20.80316
5368.78797149658  15.579
5370.35400640965  12.23154
5371.92004132271  13.46988
5373.48607623577  5.363511
5375.05211114884  12.8488
5376.6181460619  14.27067
5378.18418097496  20.00738
5379.75021588803  22.56843
5381.31625080109  9.00418
5382.88228571415  26.95345
5384.44832062721  19.51117
5386.01435554028  16.60017
5387.58039045334  23.96538
5389.1464253664  22.7858
5390.71246027947  20.39268
5392.27849519253  12.47299
5393.84453010559  19.71958
5395.41056501866  23.10489
5396.97659993172  22.38379
5398.54263484478  21.78387
5400.10866975784  13.41343
5401.67470467091  22.83011
5403.24073958397  25.13864
5404.80677449703  12.57337
5406.3728094101  28.31169
5407.93884432316  23.65869
5409.50487923622  12.06364
5411.07091414929  8.45421
5412.63694906235  22.8584
5414.20298397541  21.71958
5415.76901888847  19.61801
5417.33505380154  23.25467
5418.9010887146  18.18052
5420.46712362767  15.59028
5422.03315854073  17.93977
5423.59919345379  13.48214
5425.16522836685  12.94715
5426.73126327992  11.71645
5428.29729819298  19.19067
5429.86333310604  15.39542
5431.42936801911  12.39284
5432.99540293217  23.06211
5434.56143784523  16.06734
5436.1274727583  23.63814
5437.69350767136  24.00014
5439.25954258442  24.49498
5440.82557749748  17.89501
5442.39161241055  22.02954
5443.95764732361  22.19773
5445.52368223667  17.14035
5447.08971714974  19.85381
5448.6557520628  23.37793
5450.22178697586  6.649474
5451.78782188893  25.63897
5453.35385680199  22.56012
5454.91989171505  19.14335
5456.48592662811  15.49594
5458.05196154118  19.08145
5459.61799645424  12.02052
5461.1840313673  4.548008
5462.75006628037  5.478279
5464.31610119343  6.179848
5465.88213610649  18.91354
5467.44817101956  16.80244
5469.01420593262  18.50078
5470.58024084568  22.71962
5472.14627575875  17.83812
5473.71231067181  13.08426
5475.27834558487  18.18744
5476.84438049794  13.69157
5478.410415411  20.53945
5479.97645032406  18.53931
5481.54248523712  12.75845
5483.10852015019  27.40599
5484.67455506325  6.200553
5486.24058997631  12.12882
5487.80662488938  18.78749
5489.37265980244  11.41907
5490.9386947155  16.26735
5492.50472962857  30.42375
5494.07076454163  30.78495
5495.63679945469  18.95916
5497.20283436775  36.626
5498.76886928082  34.26063
5500.33490419388  22.33519
5501.90093910694  27.46877
5503.46697402001  17.28373
5505.03300893307  26.21071
5506.59904384613  16.21638
5508.1650787592  27.51813
5509.73111367226  19.73256
5511.29714858532  19.06279
5512.86318349838  21.11322
5514.42921841145  20.88917
5515.99525332451  12.92302
5517.56128823757  18.26667
5519.12732315064  19.84169
5520.6933580637  22.66989
5522.25939297676  18.93299
5523.82542788983  18.59772
5525.39146280289  24.00031
5526.95749771595  22.40406
5528.52353262902  12.39283
5530.08956754208  27.961
5531.65560245514  24.47327
5533.2216373682  23.62517
5534.78767228127  25.36198
5536.35370719433  29.92974
5537.91974210739  27.43384
5539.48577702046  30.12753
5541.05181193352  27.52964
5542.61784684658  19.29168
5544.18388175965  30.66506
5545.74991667271  20.81396
5547.31595158577  14.44925
5548.88198649884  15.98517
5550.4480214119  8.730932
5552.01405632496  16.6309
5553.58009123803  24.2145
5555.14612615109  9.038202
5556.71216106415  25.82058
5558.27819597721  18.9336
5559.84423089028  25.96151
5561.41026580334  21.69926
5562.9763007164  28.73804
5564.54233562947  23.25112
5566.10837054253  27.13548
5567.67440545559  15.62267
5569.24044036866  33.32742
5570.80647528172  14.68403
5572.37251019478  23.73858
5573.93854510784  23.33434
5575.50458002091  2.035399
5577.07061493397  1.955011
5578.63664984703  35.74883
5580.2026847601  22.73732
5581.76871967316  27.36835
5583.33475458622  32.4763
5584.90078949929  34.90088
5586.46682441235  44.38586
5588.03285932541  38.30083
5589.59889423847  19.52349
5591.16492915154  14.78264
5592.7309640646  20.35509
5594.29699897766  28.62954
5595.86303389073  29.86889
5597.42906880379  25.74398
5598.99510371685  24.14202
5600.56113862992  21.10476
5602.12717354298  18.08227
5603.69320845604  27.74718
5605.25924336911  31.25621
5606.82527828217  23.67362
5608.39131319523  32.08635
5609.95734810829  29.56864
5611.52338302136  18.7225
5613.08941793442  25.39643
5614.65545284748  23.02704
5616.22148776055  29.49574
5617.78752267361  30.17667
5619.35355758667  27.91478
5620.91959249974  27.75118
5622.4856274128  33.84087
5624.05166232586  24.9064
5625.61769723893  22.3233
5627.18373215199  30.56461
5628.74976706505  22.1045
5630.31580197811  22.35996
5631.88183689118  21.15987
5633.44787180424  29.41041
5635.0139067173  32.66953
5636.57994163037  22.68146
5638.14597654343  29.39653
5639.71201145649  32.8803
5641.27804636956  33.88168
5642.84408128262  32.53604
5644.41011619568  20.52095
5645.97615110875  22.69727
5647.54218602181  30.29753
5649.10822093487  32.64117
5650.67425584793  24.38878
5652.240290761  23.37413
5653.80632567406  28.85183
5655.37236058712  19.89791
5656.93839550019  36.72577
5658.50443041325  18.19036
5660.07046532631  27.82563
5661.63650023938  26.11993
5663.20253515244  16.37572
5664.7685700655  20.86854
5666.33460497857  26.80594
5667.90063989163  12.09381
5669.46667480469  24.97395
5671.03270971775  28.51807
5672.59874463082  17.27046
5674.16477954388  23.9994
5675.73081445694  21.13556
5677.29684937001  34.5329
5678.86288428307  23.94716
5680.42891919613  20.66608
5681.9949541092  18.88028
5683.56098902226  35.61514
5685.12702393532  24.97689
5686.69305884838  42.63294
5688.25909376145  23.88344
5689.82512867451  29.54026
5691.39116358757  32.52211
5692.95719850064  35.14627
5694.5232334137  31.7084
5696.08926832676  25.70256
5697.65530323983  32.51049
5699.22133815289  24.37962
5700.78737306595  40.65392
5702.35340797902  21.67424
5703.91944289208  29.05418
5705.48547780514  28.74603
5707.0515127182  24.88641
5708.61754763127  35.82339
5710.18358254433  35.01556
5711.74961745739  27.9436
5713.31565237046  25.97517
5714.88168728352  31.78299
5716.44772219658  28.95024
5718.01375710965  28.40065
5719.57979202271  41.03096
5721.14582693577  24.25716
5722.71186184884  27.92027
5724.2778967619  33.4941
5725.84393167496  40.78548
5727.40996658802  28.19309
5728.97600150109  24.28184
5730.54203641415  26.11533
5732.10807132721  28.10895
5733.67410624028  30.87111
5735.24014115334  28.18122
5736.8061760664  29.42084
5738.37221097947  29.13731
5739.93824589253  30.90259
5741.50428080559  21.98624
5743.07031571865  26.70941
5744.63635063172  19.62773
5746.20238554478  32.17984
5747.76842045784  26.2648
5749.33445537091  32.80053
5750.90049028397  24.07858
5752.46652519703  24.09255
5754.0325601101  30.40316
5755.59859502316  21.81623
5757.16462993622  30.89219
5758.73066484928  33.24319
5760.29669976235  27.45191
5761.86273467541  23.40082
5763.42876958848  24.92196
5764.99480450154  38.90072
5766.5608394146  33.53376
5768.12687432766  25.5161
5769.69290924073  35.10441
5771.25894415379  29.6008
5772.82497906685  33.729
5774.39101397991  21.68887
5775.95704889298  26.09258
5777.52308380604  27.99301
5779.0891187191  35.61795
5780.65515363217  31.89795
5782.22118854523  25.48043
5783.78722345829  30.92716
5785.35325837136  24.75448
5786.91929328442  37.1827
5788.48532819748  27.68279
5790.05136311054  26.78458
5791.61739802361  28.76374
5793.18343293667  25.61139
5794.74946784974  38.24383
5796.3155027628  29.16008
5797.88153767586  43.51798
5799.44757258892  24.22617
5801.01360750199  28.32261
5802.57964241505  31.86074
5804.14567732811  34.16409
5805.71171224118  32.17559
5807.27774715424  18.84797
5808.8437820673  34.05141
5810.40981698037  22.87783
5811.97585189343  28.37279
5813.54188680649  35.02431
5815.10792171955  33.45934
5816.67395663262  29.59978
5818.23999154568  29.65619
5819.80602645874  28.08634
5821.37206137181  36.93593
5822.93809628487  25.48751
5824.50413119793  37.57254
5826.070166111  29.76953
5827.63620102406  29.44101
5829.20223593712  38.66166
5830.76827085018  33.52271
5832.33430576325  40.00317
5833.90034067631  30.63278
5835.46637558937  24.6449
5837.03241050244  36.53172
5838.5984454155  31.54424
5840.16448032856  34.48767
5841.73051524163  31.51374
5843.29655015469  35.36555
5844.86258506775  33.21195
5846.42861998082  29.98343
5847.99465489388  30.18996
5849.56068980694  42.19471
5851.12672472001  16.83583
5852.69275963307  25.21361
5854.25879454613  33.32798
5855.82482945919  34.50378
5857.39086437226  28.38641
5858.95689928532  32.63577
5860.52293419838  42.04526
5862.08896911145  29.81232
5863.65500402451  28.81552
5865.22103893757  28.30419
5866.78707385064  18.64732
5868.3531087637  19.17089
5869.91914367676  24.12337
5871.48517858982  36.00559
5873.05121350289  30.87192
5874.61724841595  34.66558
5876.18328332901  40.13294
5877.74931824208  47.67617
5879.31535315514  35.75267
5880.8813880682  23.44862
5882.44742298127  29.53463
5884.01345789433  25.95635
5885.57949280739  28.38668
5887.14552772045  36.08393
5888.71156263352  23.41753
5890.27759754658  14.51622
5891.84363245964  20.4046
5893.40966737271  36.34061
5894.97570228577  33.74468
5896.54173719883  34.04507
5898.1077721119  11.67451
5899.67380702496  29.42292
5901.23984193802  26.58088
5902.80587685109  28.47347
5904.37191176415  34.38828
5905.93794667721  28.11644
5907.50398159027  34.55453
5909.07001650334  25.8551
5910.6360514164  25.84087
5912.20208632946  29.1247
5913.76812124253  33.05826
5915.33415615559  44.94794
5916.90019106865  36.61118
5918.46622598172  40.19446
5920.03226089478  28.88253
5921.59829580784  22.45966
5923.1643307209  26.44436
5924.73036563397  9.065994
5926.29640054703  31.37885
5927.86243546009  28.98996
5929.42847037316  25.28166
5930.99450528622  13.5756
5932.56054019928  30.81921
5934.12657511235  30.46362
5935.69261002541  20.3097
5937.25864493847  28.74944
5938.82467985153  25.54143
5940.3907147646  23.51911
5941.95674967766  28.04551
5943.52278459073  29.63639
5945.08881950379  24.85058
5946.65485441685  33.54388
5948.22088932991  23.29866
5949.78692424298  36.52572
5951.35295915604  22.70713
5952.9189940691  40.16829
5954.48502898216  45.34682
5956.05106389523  34.50025
5957.61709880829  36.88744
5959.18313372136  26.32261
5960.74916863442  24.79224
5962.31520354748  29.06511
5963.88123846054  27.86056
5965.44727337361  29.69634
5967.01330828667  33.76589
5968.57934319973  40.34783
5970.14537811279  23.68619
5971.71141302586  31.84317
5973.27744793892  32.28748
5974.84348285199  26.29549
5976.40951776505  19.2709
5977.97555267811  45.35211
5979.54158759117  32.41189
5981.10762250424  32.3938
5982.6736574173  34.79409
5984.23969233036  26.29973
5985.80572724343  23.6586
5987.37176215649  33.19196
5988.93779706955  24.72159
5990.50383198262  32.90033
5992.06986689568  38.05144
5993.63590180874  38.58102
5995.2019367218  31.3091
5996.76797163487  38.66934
5998.33400654793  31.75975
5999.90004146099  30.03334
6001.46607637406  31.37543
6003.03211128712  32.62706
6004.59814620018  23.45885
6006.16418111325  20.95858
6007.73021602631  30.10028
6009.29625093937  29.12757
6010.86228585243  30.61988
6012.4283207655  24.02911
6013.99435567856  26.1067
6015.56039059162  18.67021
6017.12642550469  27.01387
6018.69246041775  38.86001
6020.25849533081  33.65802
6021.82453024388  43.15105
6023.39056515694  32.84161
6024.95660007  28.44587
6026.52263498307  37.31361
6028.08866989613  24.44442
6029.65470480919  39.03222
6031.22073972226  30.85192
6032.78677463532  27.65744
6034.35280954838  40.86097
6035.91884446144  34.86029
6037.48487937451  35.27642
6039.05091428757  32.56154
6040.61694920063  29.77326
6042.1829841137  34.63847
6043.74901902676  32.18033
6045.31505393982  30.86579
6046.88108885289  36.5407
6048.44712376595  31.11436
6050.01315867901  25.25013
6051.57919359208  39.16796
6053.14522850514  26.95658
6054.7112634182  31.43068
6056.27729833126  27.16966
6057.84333324433  30.51063
6059.40936815739  23.28388
6060.97540307045  15.72193
6062.54143798352  27.86399
6064.10747289658  29.0187
6065.67350780964  32.96594
6067.23954272271  33.68453
6068.80557763577  28.01593
6070.37161254883  34.49714
6071.9376474619  20.99345
6073.50368237496  30.48036
6075.06971728802  26.1101
6076.63575220108  23.33497
6078.20178711415  29.84263
6079.76782202721  40.86153
6081.33385694027  33.38872
6082.89989185334  26.62534
6084.4659267664  32.40466
6086.03196167946  24.02695
6087.59799659253  30.25871
6089.16403150559  31.61747
6090.73006641865  27.52267
6092.29610133172  28.87073
6093.86213624478  29.81775
6095.42817115784  30.69614
6096.9942060709  30.81086
6098.56024098397  26.21668
6100.12627589703  23.70829
6101.69231081009  35.53152
6103.25834572316  35.08531
6104.82438063622  23.99169
6106.39041554928  35.13198
6107.95645046235  24.51964
6109.52248537541  38.84038
6111.08852028847  22.42584
6112.65455520153  28.8548
6114.2205901146  30.04447
6115.78662502766  29.41738
6117.35265994072  29.18282
6118.91869485379  27.12967
6120.48472976685  34.39765
6122.05076467991  43.89977
6123.61679959298  31.2682
6125.18283450604  34.3233
6126.7488694191  28.46989
6128.31490433216  24.78422
6129.88093924523  26.02657
6131.44697415829  29.99648
6133.01300907135  36.62366
6134.57904398442  31.79008
6136.14507889748  27.47096
6137.71111381054  27.46962
6139.27714872361  32.69429
6140.84318363667  28.74599
6142.40921854973  25.07955
6143.9752534628  32.44871
6145.54128837586  31.61961
6147.10732328892  25.36626
6148.67335820198  31.52636
6150.23939311505  35.62436
6151.80542802811  25.82262
6153.37146294117  35.64719
6154.93749785424  30.68246
6156.5035327673  37.02059
6158.06956768036  25.0726
6159.63560259343  28.26867
6161.20163750649  34.47556
6162.76767241955  28.14818
6164.33370733261  21.05446
6165.89974224568  21.94509
6167.46577715874  11.17785
6169.0318120718  22.96373
6170.59784698487  14.72147
6172.16388189793  3.413324
6173.72991681099  21.59844
6175.29595172406  20.00865
6176.86198663712  13.27793
6178.42802155018  30.20862
6179.99405646325  23.90643
6181.56009137631  28.78374
6183.12612628937  31.81413
6184.69216120243  24.93795
6186.2581961155  26.32387
6187.82423102856  25.80847
6189.39026594162  26.9166
6190.95630085469  24.52961
6192.52233576775  22.89971
6194.08837068081  30.1571
6195.65440559388  22.13137
6197.22044050694  24.00913
6198.78647542  19.21938
6200.35251033307  18.35946
6201.91854524613  21.88464
6203.48458015919  23.90082
6205.05061507225  28.62492
6206.61664998532  22.41169
6208.18268489838  25.17074
6209.74871981144  31.28333
6211.31475472451  25.75701
6212.88078963757  20.98683
6214.44682455063  29.10281
6216.0128594637  24.34542
6217.57889437676  25.32408
6219.14492928982  27.35414
6220.71096420289  31.01483
6222.27699911595  28.17301
6223.84303402901  22.38287
6225.40906894207  18.35191
6226.97510385514  22.03791
6228.5411387682  28.50304
6230.10717368126  29.17832
6231.67320859433  21.74896
6233.23924350739  29.68242
6234.80527842045  26.76449
6236.37131333352  27.53083
6237.93734824658  32.57978
6239.50338315964  22.33405
6241.0694180727  27.78109
6242.63545298577  28.04993
6244.20148789883  22.33424
6245.76752281189  28.25288
6247.33355772496  25.75525
6248.89959263802  27.80065
6250.46562755108  26.87577
6252.03166246415  23.62049
6253.59769737721  28.48397
6255.16373229027  21.4952
6256.72976720334  32.10885
6258.2958021164  29.93413
6259.86183702946  23.62966
6261.42787194252  23.78927
6262.99390685559  28.97641
6264.55994176865  3.218079
6266.12597668171  13.13595
6267.69201159478  18.42712
6269.25804650784  22.28829
6270.8240814209  23.18879
6272.39011633397  28.6632
6273.95615124703  27.41281
6275.52218616009  22.14525
6277.08822107316  18.68614
6278.65425598622  26.52527
6280.22029089928  23.10011
6281.78632581234  23.54593
6283.35236072541  30.19411
6284.91839563847  23.23195
6286.48443055153  32.21177
6288.0504654646  31.1021
6289.61650037766  24.71788
6291.18253529072  33.35728
6292.74857020379  25.97625
6294.31460511685  19.3372
6295.88064002991  24.3417
6297.44667494297  14.09054
6299.01270985604  18.27023
6300.5787447691  14.59595
6302.14477968216  22.01966
6303.71081459523  25.87204
6305.27684950829  28.47669
6306.84288442135  25.98819
6308.40891933442  27.57358
6309.97495424748  21.84117
6311.54098916054  28.59727
6313.1070240736  30.20629
6314.67305898667  32.28137
6316.23909389973  30.82495
6317.8051288128  22.47565
6319.37116372586  21.63662
6320.93719863892  21.83919
6322.50323355198  20.2508
6324.06926846505  25.95477
6325.63530337811  26.59369
6327.20133829117  19.61068
6328.76737320424  20.24042
6330.3334081173  19.04192
6331.89944303036  22.26122
6333.46547794343  35.19813
6335.03151285649  23.65987
6336.59754776955  21.29852
6338.16358268261  18.96988
6339.72961759568  20.51316
6341.29565250874  33.50931
6342.8616874218  19.49618
6344.42772233487  17.72964
6345.99375724793  26.33294
6347.55979216099  22.47592
6349.12582707406  24.63559
6350.69186198712  23.54155
6352.25789690018  25.75749
6353.82393181324  21.04448
6355.38996672631  22.84038
6356.95600163937  23.07932
6358.52203655243  21.56482
6360.0880714655  18.75274
6361.65410637856  33.30524
6363.22014129162  29.66596
6364.78617620469  29.54539
6366.35221111775  11.77158
6367.91824603081  17.38041
6369.48428094388  13.26728
6371.05031585694  20.20785
6372.61635077  27.39939
6374.18238568306  26.71328
6375.74842059613  16.95713
6377.31445550919  24.57706
6378.88049042225  25.79479
6380.44652533532  23.60727
6382.01256024838  15.54574
6383.57859516144  18.84894
6385.14463007451  15.83816
6386.71066498757  11.17507
6388.27669990063  14.17146
6389.84273481369  7.139416
6391.40876972676  19.46919
6392.97480463982  14.05191
6394.54083955288  16.55663
6396.10687446595  22.01402
6397.67290937901  14.0123
6399.23894429207  22.27556
6400.80497920514  24.58031
6402.3710141182  22.41945
6403.93704903126  17.358
6405.50308394433  23.31173
6407.06911885739  25.93168
6408.63515377045  27.7507
6410.20118868351  28.72445
6411.76722359658  20.20757
6413.33325850964  18.9143
6414.8992934227  19.23022
6416.46532833577  18.29779
6418.03136324883  18.75499
6419.59739816189  24.16208
6421.16343307496  22.45582
6422.72946798802  24.89058
6424.29550290108  24.18618
6425.86153781415  27.07529
6427.42757272721  24.44953
6428.99360764027  22.83973
6430.55964255333  20.24816
6432.1256774664  17.45807
6433.69171237946  23.25233
6435.25774729252  17.67966
6436.82378220559  12.94719
6438.38981711865  19.42334
6439.95585203171  20.87364
6441.52188694477  27.97226
6443.08792185784  17.84496
6444.6539567709  27.17008
6446.21999168396  24.53532
6447.78602659703  12.34226
6449.35206151009  19.65463
6450.91809642315  19.61043
6452.48413133622  15.53051
6454.05016624928  19.34992
6455.61620116234  17.63109
6457.18223607541  18.3913
6458.74827098847  22.82755
6460.31430590153  21.11634
6461.88034081459  22.898
6463.44637572766  23.95299
6465.01241064072  12.74958
6466.57844555378  15.18654
6468.14448046685  17.0157
6469.71051537991  21.60956
6471.27655029297  16.62033
6472.84258520604  20.24757
6474.4086201191  16.52923
6475.97465503216  21.86697
6477.54068994522  15.23334
6479.10672485829  19.05302
6480.67275977135  22.81398
6482.23879468442  26.68145
6483.80482959748  24.28535
6485.37086451054  15.20467
6486.9368994236  24.53271
6488.50293433667  18.24047
6490.06896924973  15.89973
6491.63500416279  11.82135
6493.20103907585  18.54445
6494.76707398892  18.20982
6496.33310890198  14.66427
6497.89914381505  22.67076
6499.46517872811  18.67972
6501.03121364117  8.029688
6502.59724855423  18.29073
6504.1632834673  16.80686
6505.72931838036  22.09642
6507.29535329342  18.65034
6508.86138820649  18.42256
6510.42742311955  16.40497
6511.99345803261  19.81744
6513.55949294567  18.29344
6515.12552785874  18.16494
6516.6915627718  16.91763
6518.25759768486  15.34951
6519.82363259793  18.22293
6521.38966751099  22.62949
6522.95570242405  25.31549
6524.52173733712  18.88036
6526.08777225018  18.18815
6527.65380716324  15.18008
6529.21984207631  19.18976
6530.78587698937  18.69765
6532.35191190243  17.23819
6533.9179468155  16.67177
6535.48398172856  20.53072
6537.05001664162  20.37499
6538.61605155468  15.6454
6540.18208646775  15.07348
6541.74812138081  16.39227
6543.31415629388  16.1343
6544.88019120694  17.44697
6546.44622612  17.63276
6548.01226103306  15.96136
6549.57829594613  12.55134
6551.14433085919  18.44516
6552.71036577225  18.24349
6554.27640068532  14.2809
6555.84243559838  12.09426
6557.40847051144  17.09872
6558.9745054245  15.55792
6560.54054033757  9.825835
6562.10657525063  13.2107
6563.67261016369  8.077182
6565.23864507676  9.838994
6566.80467998982  9.527204
6568.37071490288  11.73893
6569.93674981594  15.57919
6571.50278472901  13.23396
6573.06881964207  13.44388
6574.63485455513  14.95368
6576.2008894682  10.82456
6577.76692438126  13.12672
6579.33295929432  20.0247
6580.89899420739  11.06646
6582.46502912045  13.42011
6584.03106403351  16.69138
6585.59709894658  8.571514
6587.16313385964  17.04958
6588.7291687727  16.32394
6590.29520368577  13.76627
6591.86123859883  13.56868
6593.42727351189  18.00044
6594.99330842495  18.39152
6596.55934333802  19.30113
6598.12537825108  8.540817
6599.69141316414  15.82125
6601.25744807721  16.18681
6602.82348299027  13.17604
6604.38951790333  16.95711
6605.9555528164  17.1212
6607.52158772946  18.04128
6609.08762264252  16.32629
6610.65365755559  11.16417
6612.21969246865  8.463086
6613.78572738171  9.895828
6615.35176229477  15.8376
6616.91779720784  13.80579
6618.4838321209  14.19534
6620.04986703396  14.35542
6621.61590194703  21.52328
6623.18193686009  16.75052
6624.74797177315  15.19271
6626.31400668622  18.72591
6627.88004159928  16.17823
6629.44607651234  14.36305
6631.0121114254  16.25854
6632.57814633847  11.13414
6634.14418125153  7.548882
6635.71021616459  16.05221
6637.27625107766  14.9144
6638.84228599072  11.69435
6640.40832090378  14.93699
6641.97435581684  14.66492
6643.54039072991  13.61371
6645.10642564297  13.51529
6646.67246055604  13.11513
6648.2384954691  16.12466
6649.80453038216  17.28145
6651.37056529522  15.70073
6652.93660020829  14.59348
6654.50263512135  22.09652
6656.06867003441  16.58418
6657.63470494748  10.73728
6659.20073986054  15.05878
6660.7667747736  18.81836
6662.33280968667  14.86407
6663.89884459973  12.40976
6665.46487951279  10.49979
6667.03091442585  17.48047
6668.59694933892  15.82714
6670.16298425198  15.57324
6671.72901916504  19.53263
6673.29505407811  18.56758
6674.86108899117  16.91796
6676.42712390423  16.99428
6677.9931588173  20.85079
6679.55919373036  16.34229
6681.12522864342  13.93514
6682.69126355649  12.4919
6684.25729846955  7.135779
6685.82333338261  9.5127
6687.38936829567  12.95926
6688.95540320874  13.34066
6690.5214381218  11.86149
6692.08747303486  17.64559
6693.65350794793  12.98396
6695.21954286099  11.67488
6696.78557777405  13.32388
6698.35161268712  9.668179
6699.91764760018  12.13891
6701.48368251324  13.23506
6703.04971742631  14.07763
6704.61575233937  12.49094
6706.18178725243  14.01561
6707.74782216549  16.08195
6709.31385707856  16.08912
6710.87989199162  15.03396
6712.44592690468  10.90602
6714.01196181775  14.20568
6715.57799673081  18.09592
6717.14403164387  13.76175
6718.71006655693  14.05675
6720.27610147  16.13581
6721.84213638306  11.59906
6723.40817129612  12.41835
6724.97420620919  13.10137
6726.54024112225  15.40318
6728.10627603531  14.46233
6729.67231094838  15.09601
6731.23834586144  15.50946
6732.8043807745  12.72828
6734.37041568757  12.2528
6735.93645060063  9.091837
6737.50248551369  14.64927
6739.06852042676  14.97128
6740.63455533982  9.486146
6742.20059025288  13.00005
6743.76662516594  18.61489
6745.33266007901  9.875656
6746.89869499207  15.01585
6748.46472990513  10.72449
6750.0307648182  12.96868
6751.59679973126  10.40268
6753.16283464432  16.15777
6754.72886955739  16.74621
6756.29490447045  7.867198
6757.86093938351  13.06389
6759.42697429657  15.79716
6760.99300920964  5.703705
6762.5590441227  14.18376
6764.12507903576  13.89517
6765.69111394883  7.53631
6767.25714886189  10.42729
6768.82318377495  9.458444
6770.38921868802  15.03643
6771.95525360108  13.32118
6773.52128851414  12.56766
6775.08732342721  13.1415
6776.65335834027  12.06732
6778.21939325333  7.854868
6779.78542816639  11.34044
6781.35146307946  9.504666
6782.91749799252  8.421386
6784.48353290558  12.82397
6786.04956781865  11.59613
6787.61560273171  12.75146
6789.18163764477  9.563209
6790.74767255784  8.756106
6792.3137074709  10.09894
6793.87974238396  7.744172
6795.44577729703  11.74786
6797.01181221009  9.433983
6798.57784712315  9.760162
6800.14388203621  15.46453
6801.70991694928  9.61063
6803.27595186234  14.87462
6804.8419867754  12.5061
6806.40802168847  14.11018
6807.97405660153  10.23357
6809.54009151459  10.89901
6811.10612642766  5.060249
6812.67216134072  6.489007
6814.23819625378  4.023405
6815.80423116684  6.933382
6817.37026607991  12.30324
6818.93630099297  9.161304
6820.50233590603  6.600627
6822.0683708191  7.132511
6823.63440573216  9.570906
6825.20044064522  19.04851
6826.76647555829  14.35178
6828.33251047135  14.98052
6829.89854538441  12.71978
6831.46458029748  10.5959
6833.03061521054  13.28226
6834.5966501236  10.50014
6836.16268503666  5.3699
6837.72871994973  10.78691
6839.29475486279  7.86629
6840.86078977585  9.811278
6842.42682468892  6.283671
6843.99285960198  10.45901
6845.55889451504  9.810442
6847.12492942811  9.538636
6848.69096434117  9.180593
6850.25699925423  8.861048
6851.82303416729  7.60916
6853.38906908036  7.770015
6854.95510399342  8.700523
6856.52113890648  7.982689
6858.08717381955  2.833434
6859.65320873261  7.167948
6861.21924364567  9.899204
6862.78527855874  18.1938
6864.3513134718  9.200907
6865.91734838486  7.444315
6867.48338329793  3.399329
6869.04941821099  9.005013
6870.61545312405  7.894974
6872.18148803712  4.734655
6873.74752295018  -0.4197216
6875.31355786324  -2.237226
6876.8795927763  7.872562
6878.44562768937  10.81194
6880.01166260243  11.56171
6881.57769751549  11.59393
6883.14373242856  8.730541
6884.70976734162  1.224336
6886.27580225468  6.115631
6887.84183716774  9.044881
6889.40787208081  8.318299
6890.97390699387  10.74771
6892.53994190693  16.45354
6894.10597682  14.89627
6895.67201173306  12.45105
6897.23804664612  15.40499
6898.80408155919  5.530113
6900.37011647225  12.39078
6901.93615138531  7.76124
6903.50218629838  6.917687
6905.06822121144  10.45674
6906.6342561245  12.67257
6908.20029103756  6.65253
6909.76632595063  6.85144
6911.33236086369  8.971872
6912.89839577675  7.886404
6914.46443068982  13.94443
6916.03046560288  8.382854
6917.59650051594  9.501871
6919.16253542901  8.713762
6920.72857034207  9.878603
6922.29460525513  7.312863
6923.8606401682  11.87589
6925.42667508126  10.9868
6926.99270999432  5.316435
6928.55874490739  1.574411
6930.12477982045  10.69401
6931.69081473351  7.541809
6933.25684964657  8.577626
6934.82288455964  7.455897
6936.3889194727  -0.3960676
6937.95495438576  3.574064
6939.52098929883  3.297711
6941.08702421189  5.965472
6942.65305912495  9.910193
6944.21909403801  4.625364
6945.78512895108  9.304245
6947.35116386414  21.17514
6948.91719877721  9.004154
6950.48323369027  7.85783
6952.04926860333  -0.6527443
6953.61530351639  7.245589
6955.18133842946  10.64487
6956.74737334252  8.423019
6958.31340825558  3.33155
6959.87944316865  5.485899
6961.44547808171  6.551142
6963.01151299477  3.083482
6964.57754790783  4.5209
6966.1435828209  3.597444
6967.70961773396  11.22247
6969.27565264702  6.274347
6970.84168756009  7.049612
6972.40772247315  11.10696
6973.97375738621  6.350922
6975.53979229928  2.533682
6977.10582721234  9.430014
6978.6718621254  8.699152
6980.23789703846  9.756655
6981.80393195153  4.728216
6983.36996686459  8.356283
6984.93600177765  4.172063
6986.50203669072  -0.1654739
6988.06807160378  5.661531
6989.63410651684  5.108255
6991.20014142991  11.516
6992.76617634297  3.670331
6994.33221125603  8.630952
6995.8982461691  5.692413
6997.46428108216  5.028498
6999.03031599522  3.962506
7000.59635090828  5.579574
7002.16238582135  2.742805
7003.72842073441  3.869257
7005.29445564747  4.489184
7006.86049056054  7.366853
7008.4265254736  7.217655
7009.99256038666  8.582029
7011.55859529973  -1.125957
7013.12463021279  11.30756
7014.69066512585  3.168338
7016.25670003891  1.084408
7017.82273495198  3.411579
7019.38876986504  8.004083
7020.95480477811  8.664837
7022.52083969117  6.156795
7024.08687460423  4.782325
7025.65290951729  2.627568
7027.21894443036  3.308265
7028.78497934342  7.670561
7030.35101425648  2.571966
7031.91704916955  10.22657
7033.48308408261  5.865562
7035.04911899567  10.65106
7036.61515390874  1.816282
7038.1811888218  2.300559
7039.74722373486  4.340024
7041.31325864792  3.121171
7042.87929356099  0.710349
7044.44532847405  5.054758
7046.01136338711  11.89669
7047.57739830018  4.299039
7049.14343321324  4.176785
7050.7094681263  8.402008
7052.27550303937  4.590326
7053.84153795243  8.005245
7055.40757286549  13.70415
7056.97360777856  5.447111
7058.53964269162  2.585344
7060.10567760468  3.794614
7061.67171251774  8.399164
7063.23774743081  3.406652
7064.80378234387  -7.890372
7066.36981725693  2.749685
7067.93585217  1.750713
7069.50188708306  3.499424
7071.06792199612  4.0779
7072.63395690919  3.503179
7074.19999182225  1.150781
7075.76602673531  7.349485
7077.33206164838  6.340714
7078.89809656144  1.190491
7080.4641314745  -1.864465
7082.03016638756  2.521424
7083.59620130063  4.874036
7085.16223621369  3.738457
7086.72827112675  4.079326
7088.29430603982  2.728516
7089.86034095288  8.816259
7091.42637586594  8.589174
7092.992410779  2.438737
7094.55844569207  11.03056
7096.12448060513  6.688377
7097.69051551819  3.123938
7099.25655043126  6.634507
7100.82258534432  7.469601
7102.38862025738  4.545348
7103.95465517045  3.153617
7105.52069008351  0.9109672
7107.08672499657  3.516608
7108.65275990963  2.409712
7110.2187948227  -6.854085
7111.78482973576  1.166286
7113.35086464883  10.31331
7114.91689956189  8.772512
7116.48293447495  6.099136
7118.04896938801  8.811058
7119.61500430108  2.947242
7121.18103921414  3.243434
7122.7470741272  7.032258
7124.31310904027  2.576616
7125.87914395333  2.002658
7127.44517886639  0.9442101
7129.01121377946  4.454031
7130.57724869252  3.475428
7132.14328360558  0.6360259
7133.70931851864  3.015802
7135.27535343171  6.582028
7136.84138834477  7.114643
7138.40742325783  5.546105
7139.9734581709  10.17185
7141.53949308396  4.410316
7143.10552799702  4.028452
7144.67156291009  2.19804
7146.23759782315  -2.33849
7147.80363273621  -1.63081
7149.36966764928  -0.2552786
7150.93570256234  2.102133
7152.5017374754  7.245277
7154.06777238846  2.692567
7155.63380730153  2.707975
7157.19984221459  2.059193
7158.76587712765  1.701111
7160.33191204072  4.913236
7161.89794695378  -4.473102
7163.46398186684  0.4740875
7165.0300167799  -0.4452837
7166.59605169297  -6.615758
7168.16208660603  5.285293
7169.72812151909  -0.9958745
7171.29415643216  -9.610005
7172.86019134522  3.317932
7174.42622625828  2.98226
7175.99226117135  9.227984
7177.55829608441  3.069283
7179.12433099747  -2.902092
7180.69036591054  6.157412
7182.2564008236  0.7537208
7183.82243573666  -1.724501
7185.38847064973  -3.26331
7186.95450556279  3.455778
7188.52054047585  3.907342
7190.08657538891  0.1198645
7191.65261030198  2.17056
7193.21864521504  8.55387
7194.7846801281  -2.591699
7196.35071504117  6.787205
7197.91674995423  0.8671885
7199.48278486729  5.811883
7201.04881978036  1.768074
7202.61485469342  1.113858
7204.18088960648  0.2933822
7205.74692451955  -4.567848
7207.31295943261  2.041308
7208.87899434567  -2.025295
7210.44502925873  7.397512
7212.0110641718  2.015052
7213.57709908486  4.765022
7215.14313399792  -2.351454
7216.70916891099  6.057547
7218.27520382405  2.229899
7219.84123873711  2.700294
7221.40727365017  -4.509435
7222.97330856324  -2.956434
7224.5393434763  4.896866
7226.10537838936  -11.27499
7227.67141330243  -14.45125
7229.23744821549  6.988327
7230.80348312855  0.3612819
7232.36951804162  -8.680914
7233.93555295468  7.551218
7235.50158786774  0.9875501
7237.0676227808  5.822104
7238.63365769387  -4.717428
7240.19969260693  -1.235398
7241.76572751999  7.031542
7243.33176243306  5.547823
7244.89779734612  12.52079
7246.46383225918  -6.554622
7248.02986717225  1.043071
7249.59590208531  13.08942
7251.16193699837  11.07047
7252.72797191144  5.978422
7254.2940068245  -3.589903
7255.86004173756  -6.000674
7257.42607665062  -6.836895
7258.99211156369  -0.02084732
7260.55814647675  -9.186476
7262.12418138981  0.5566007
7263.69021630288  3.847857
7265.25625121594  12.33982
7266.822286129  -1.446946
7268.38832104207  -8.00352
7269.95435595513  -3.29174
7271.52039086819  -1.85299
7273.08642578126  2.229538
7274.65246069432  -2.787526
7276.21849560738  -2.984222
7277.78453052045  0.6406866
7279.35056543351  -8.389593
7280.91660034657  12.4856
7282.48263525963  6.106959
7284.0486701727  -3.464677
7285.61470508576  -6.204332
7287.18073999882  7.361318
7288.74677491189  7.496801
7290.31280982495  0.4954286
7291.87884473801  -12.41815
7293.44487965107  -1.777611
7295.01091456414  -10.0735
7296.5769494772  -17.52341
7298.14298439027  -5.256802
7299.70901930333  -12.18426
7301.27505421639  -7.119011
7302.84108912945  5.370442
7304.40712404252  2.375462
7305.97315895558  16.14454
7307.53919386864  -0.5708542
7309.10522878171  23.85144
7310.67126369477  -1.426242
7312.23729860783  -14.41013
7313.80333352089  -0.8685417
7315.36936843396  5.320724
7316.93540334702  -3.831442
7318.50143826008  25.86031
7320.06747317315  -15.01132
7321.63350808621  4.4189
7323.19954299927  74.44067
7324.76557791234  28.89167
7326.3316128254  -6.906078
7327.89764773846  17.03863
7329.46368265153  -30.19284
7331.02971756459  -33.68889
7332.59575247765  12.39875
7334.16178739072  -42.58224
7335.72782230378  -1.991562
7337.29385721684  31.21651
7338.8598921299  -31.60726
7340.42592704297  -9.857368
7341.99196195603  10.73753
7343.55799686909  -20.76571
7345.12403178216  -25.11578
7346.69006669522  -56.19183
7348.25610160828  -10.61584
7349.82213652135  10.18302
7351.38817143441  10.25616
7352.95420634747  54.27358
7354.52024126053  -31.72878
7356.0862761736  9.847298
7357.65231108666  -9.77757
7359.21834599972  -25.3116
7360.78438091279  1.652933
7362.35041582585  14.57701
7363.91645073891  28.00191
7365.48248565198  -7.335056
7367.04852056504  3.573059
7368.6145554781  -1.871911
7370.18059039116  40.46407
7371.74662530423  -29.98049
7373.31266021729  -39.90587
7374.87869513035  94.76974
7376.44473004342  -2.816994
7378.01076495648  -49.41483
7379.57679986954  -29.47253
7381.14283478261  -2.374327
7382.70886969567  48.36293
7384.27490460873  15.1945
7385.8409395218  -23.00193
7387.40697443486  18.27772
7388.97300934792  10.32681
7390.53904426098  -0.4754791
7392.10507917405  82.55772
7393.67111408711  -22.09011
7395.23714900017  -98.52635
7396.80318391324  -17.63188
7398.3692188263  61.10435
7399.93525373936  -4.212191
7401.50128865243  -36.78038
7403.06732356549  -46.08624
7404.63335847855  -9.076931
7406.19939339162  -22.91611
7407.76542830468  -30.72036
7409.33146321774  -2.695726
7410.8974981308  89.85762
7412.46353304387  13.03119
7414.02956795693  37.17723
7415.59560286999  1.586395
7417.16163778306  -47.40508
7418.72767269612  -48.24363
7420.29370760918  -3.411184
7421.85974252224  -63.51119
7423.42577743531  -127.9175
7424.99181234837  5.078339
7426.55784726144  -41.60704
7428.1238821745  -35.2888
7429.68991708756  -25.04225
7431.25595200062  130.5923
7432.82198691369  126.3801
7434.38802182675  133.7219
7435.95405673981  91.71164
7437.52009165288  111.9102
7439.08612656594  -53.37803
7440.652161479  12.3885
7442.21819639207  115.83
7443.78423130513  -13.96787
7445.35026621819  -66.11378
7446.91630113125  26.95613
7448.48233604432  14.14447
7450.04837095738  -26.23257
7451.61440587044  2.537979
7453.18044078351  -18.31203
7454.74647569657  -155.7998
7456.31251060963  -5.834839
7457.8785455227  -7.492098
7459.44458043576  -1.170093
7461.01061534882  59.74399
7462.57665026189  -68.29314
7464.14268517495  -77.29114
7465.70872008801  -25.66103
7467.27475500107  11.93559
7468.84078991414  60.62051
7470.4068248272  -24.24244
7471.97285974026  -1.051666
7473.53889465333  -12.09219
7475.10492956639  -68.07587
7476.67096447945  -0.251977
7478.23699939252  -18.78156
7479.80303430558  -13.62846
7481.36906921864  -131.0739
7482.9351041317  -70.81246
7484.50113904477  -18.06632
7486.06717395783  -19.21922
7487.63320887089  -82.19471
7489.19924378396  -9.175651
7490.76527869702  -140.8477
7492.33131361008  36.3089
7493.89734852315  47.87126
7495.46338343621  -45.54934
7497.02941834927  -74.32143
7498.59545326234  -5.224995
7500.1614881754  90.73034
7501.72752308846  45.64043
7503.29355800152  -61.26183
7504.85959291459  8.561386
7506.42562782765  -24.06064
7507.99166274071  -60.24489
7509.55769765378  22.3424
7511.12373256684  -45.92564
7512.6897674799  -51.854
7514.25580239297  -71.31531
7515.82183730603  -4.125046
7517.38787221909  39.16842
7518.95390713216  -15.70393
7520.51994204522  38.67928
7522.08597695828  63.71786
7523.65201187135  82.00906
7525.21804678441  87.28797
7526.78408169747  6.386164
7528.35011661053  -15.46457
7529.9161515236  65.37233
7531.48218643666  -5.317656
7533.04822134972  21.51497
7534.61425626279  -21.42857
7536.18029117585  0.1556711
7537.74632608891  -30.33732
7539.31236100197  -9.315567
7540.87839591504  -4.12779
7542.4444308281  -14.14082
7544.01046574116  -64.91625
7545.57650065423  -38.31083
7547.14253556729  4.312765
7548.70857048035  -10.09143
7550.27460539342  10.32993
7551.84064030648  -18.08333
7553.40667521954  -32.13129
7554.97271013261  -12.23454
7556.53874504567  79.93109
7558.10477995873  7.717382
7559.6708148718  -128.7937
7561.23684978486  25.483
7562.80288469792  35.96855
7564.36891961098  -1.750559
7565.93495452405  -1.245222
7567.50098943711  16.03921
7569.06702435017  5.480347
7570.63305926324  -58.65204
7572.1990941763  -39.51193
7573.76512908936  -54.29894
7575.33116400243  6.11137
7576.89719891549  -7.799736
7578.46323382855  -60.36059
7580.02926874162  110.435
7581.59530365468  30.86181
7583.16133856774  -48.04073
7584.7273734808  -50.33335
7586.29340839387  73.66342
7587.85944330693  40.69044
7589.42547821999  42.62571
7590.99151313306  2.350258
7592.55754804612  7.485773
7594.12358295918  6.456362
7595.68961787224  -29.03557
7597.25565278531  -7.090956
7598.82168769837  52.32556
7600.38772261143  8.030266
7601.9537575245  -67.63933
7603.51979243756  -10.75911
7605.08582735062  6.207822
7606.65186226369  48.27665
7608.21789717675  55.7412
7609.78393208981  -16.22822
7611.34996700288  -50.68996
7612.91600191594  -50.86619
7614.482036829  38.26007
7616.04807174206  -31.33579
7617.61410665513  5.507297
7619.18014156819  46.82188
7620.74617648125  44.69444
7622.31221139432  31.96561
7623.87824630738  53.38919
7625.44428122044  -102.5852
7627.01031613351  43.69699
7628.57635104657  24.75704
7630.14238595963  -50.64355
7631.70842087269  7.161386
7633.27445578576  -12.23069
7634.84049069882  -59.29707
7636.40652561188  30.47776
7637.97256052495  38.63715
7639.53859543801  7.758911
7641.10463035107  -31.0446
7642.67066526414  16.36252
7644.2367001772  -0.7674979
7645.80273509026  -43.22318
7647.36877000333  -14.40246
7648.93480491639  -47.98267
7650.50083982945  16.31684
7652.06687474252  12.82539
7653.63290965558  34.0237
7655.19894456864  67.35458
7656.7649794817  -29.72664
7658.33101439477  -33.55983
7659.89704930783  -40.88767
7661.46308422089  -14.33128
7663.02911913396  -33.63255
7664.59515404702  18.04179
7666.16118896008  30.07729
7667.72722387315  5.881812
7669.29325878621  17.53266
7670.85929369927  -15.17571
7672.42532861234  -39.7097
7673.9913635254  26.25501
7675.55739843846  -57.51527
7677.12343335152  -79.22399
7678.68946826459  -11.49654
7680.25550317765  24.04716
7681.82153809071  20.79986
7683.38757300378  -8.045418
7684.95360791684  34.87508
7686.5196428299  18.84339
7688.08567774296  10.17048
7689.65171265603  26.95333
7691.21774756909  -26.67738
7692.78378248215  -21.61871
7694.34981739522  9.009651
7695.91585230828  -17.18211
7697.48188722134  -27.0975
7699.04792213441  7.720273
7700.61395704747  -13.90932
7702.17999196053  -7.884229
7703.74602687359  24.26363
7705.31206178666  -10.99106
7706.87809669972  -44.79174
7708.44413161279  21.68617
7710.01016652585  20.93848
7711.57620143891  -26.14716
7713.14223635197  -19.33107
7714.70827126504  18.28421
7716.2743061781  -27.28822
7717.84034109116  -3.753173
7719.40637600423  0.1722374
7720.97241091729  2.824328
7722.53844583035  19.34686
7724.10448074342  -1.690519
7725.67051565648  -12.36242
7727.23655056954  19.15383
7728.8025854826  38.10404
7730.36862039567  11.93379
7731.93465530873  2.449609
7733.50069022179  -9.316175
7735.06672513486  -14.66269
7736.63276004792  -17.7771
7738.19879496098  10.78146
7739.76482987405  -2.160612
7741.33086478711  -40.23811
7742.89689970017  -64.12883
7744.46293461323  -6.073679
7746.0289695263  2.945595
7747.59500443936  -1.260387
7749.16103935242  -0.9424169
7750.72707426549  1.468141
7752.29310917855  7.218891
7753.85914409161  0.6900721
7755.42517900468  8.209713
7756.99121391774  -20.70201
7758.5572488308  43.79691
7760.12328374386  4.767384
7761.68931865693  2.030441
7763.25535356999  -8.566933
7764.82138848305  -25.6696
7766.38742339612  -13.15038
7767.95345830918  1.946611
7769.51949322224  -24.13689
7771.08552813531  4.175636
7772.65156304837  2.01653
7774.21759796143  -33.71755
7775.7836328745  -12.53991
7777.34966778756  -2.36252
7778.91570270062  3.540859
7780.48173761368  5.464289
7782.04777252675  0.9526558
7783.61380743981  -2.404755
7785.17984235287  -8.583408
7786.74587726594  -1.41988
7788.311912179  -20.95756
7789.87794709206  -13.79226
7791.44398200513  -8.701853
7793.01001691819  -7.314745
7794.57605183125  -2.090636
7796.14208674431  -0.5876026
7797.70812165738  -12.11366
7799.27415657044  9.050045
7800.84019148351  17.07997
7802.40622639657  9.649837
7803.97226130963  -4.913221
7805.53829622269  4.66531
7807.10433113576  12.20142
7808.67036604882  23.34295
7810.23640096188  7.506521
7811.80243587495  21.51415
7813.36847078801  8.250612
7814.93450570107  6.129797
7816.50054061413  10.58735
7818.0665755272  16.55006
7819.63261044026  12.5149
7821.19864535332  9.042385
7822.76468026639  4.563126
7824.33071517945  -1.750701
7825.89675009251  0.6940622
7827.46278500558  10.07525
7829.02881991864  9.449579
7830.5948548317  0.2174644
7832.16088974477  -9.218826
7833.72692465783  2.712654
7835.29295957089  15.1486
7836.85899448395  -4.028433
7838.42502939702  -2.786381
7839.99106431008  2.786299
7841.55709922314  -11.64776
7843.12313413621  0.05286509
7844.68916904927  4.706724
7846.25520396233  0.4943094
7847.8212388754  0.9677296
7849.38727378846  2.543847
7850.95330870152  -6.384992
7852.51934361458  4.258451
7854.08537852765  1.677079
7855.65141344071  -9.615479
7857.21744835377  2.457962
7858.78348326684  -0.2906158
7860.3495181799  6.898967
7861.91555309296  2.630827
7863.48158800603  3.528217
7865.04762291909  -3.080505
7866.61365783215  -0.7023468
7868.17969274522  -11.45923
7869.74572765828  4.045557
7871.31176257134  -3.339205
7872.8777974844  -4.309164
7874.44383239747  7.548876
7876.00986731053  -3.088965
7877.57590222359  4.472851
7879.14193713666  -3.437778
7880.70797204972  -1.919813
7882.27400696278  0.8564407
7883.84004187585  -1.022758
7885.40607678891  0.5353472
7886.97211170197  -0.7099919
7888.53814661504  -0.9445963
7890.1041815281  0.3649346
7891.67021644116  1.022999
7893.23625135422  2.396711
7894.80228626729  1.721534
7896.36832118035  -2.919862
7897.93435609341  -0.6140739
7899.50039100648  -2.534461
7901.06642591954  2.218353
7902.6324608326  1.042751
7904.19849574567  -1.310671
7905.76453065873  -3.073419
7907.33056557179  0.787221
7908.89660048485  1.250447
7910.46263539792  1.324387
7912.02867031098  -1.283848
7913.59470522404  0.4101553
7915.16074013711  0.6084534
7916.72677505017  1.985271
7918.29280996323  -4.289335
7919.8588448763  -1.702285
7921.42487978936  3.174381
7922.99091470242  3.41048
7924.55694961548  6.17922
7926.12298452855  2.390504
7927.68901944161  -6.5621
7929.25505435467  1.62405
7930.82108926774  2.142978
7932.3871241808  0.5358601
7933.95315909386  1.65054
7935.51919400693  -1.971966
7937.08522891999  -0.9333467
7938.65126383305  2.336092
7940.21729874612  -3.380209
7941.78333365918  1.395788
7943.34936857224  6.92003
7944.9154034853  -3.226921
7946.48143839837  0.7744617
7948.04747331143  3.221954
7949.61350822449  3.188305
7951.17954313756  5.874485
7952.74557805062  0.8799278
7954.31161296368  0.1764076
7955.87764787675  -7.288023
7957.44368278981  3.5592
7959.00971770287  5.005832
7960.57575261594  1.693362
7962.141787529  6.618528
7963.70782244206  1.831743
7965.27385735512  -1.212909
7966.83989226819  -0.1945693
7968.40592718125  -0.1750043
7969.97196209431  -9.104635
7971.53799700738  0.5632468
7973.10403192044  -12.80391
7974.6700668335  -4.90118
7976.23610174657  7.026357
7977.80213665963  0.3831502
7979.36817157269  4.397227
7980.93420648576  2.598528
