4058.46020507813  -0.195425
4060.02623796464  1.503664
4061.59227085115  9.832722
4063.15830373765  5.359629
4064.72433662415  -3.612473
4066.29036951066  -1.558443
4067.85640239717  -2.594248
4069.42243528367  4.822659
4070.98846817018  -5.50823
4072.55450105668  -0.8005219
4074.12053394319  -0.880928
4075.68656682969  -4.085878
4077.2525997162  -2.52737
4078.8186326027  -3.819109
4080.38466548921  0.6109371
4081.95069837571  1.990534
4083.51673126222  1.583252
4085.08276414872  2.538176
4086.64879703523  4.041344
4088.21482992173  -2.384323
4089.78086280824  -1.128857
4091.34689569474  3.531906
4092.91292858125  2.353083
4094.47896146775  -0.1643448
4096.04499435426  8.377687
4097.61102724076  -0.4555855
4099.17706012727  5.133181
4100.74309301377  0.6475887
4102.30912590028  2.615997
4103.87515878678  -2.856981
4105.44119167329  -3.271458
4107.00722455979  2.330385
4108.5732574463  -1.989931
4110.1392903328  3.433813
4111.70532321931  5.183815
4113.27135610581  6.081739
4114.83738899232  -6.969843
4116.40342187882  -3.889372
4117.96945476533  10.78722
4119.53548765184  9.695213
4121.10152053834  5.376236
4122.66755342485  -2.334122
4124.23358631135  0.6475487
4125.79961919786  5.900551
4127.36565208436  -2.391504
4128.93168497087  -2.688837
4130.49771785737  11.61773
4132.06375074388  -0.9242077
4133.62978363038  -4.000706
4135.19581651689  -1.551485
4136.76184940339  2.990326
4138.3278822899  -6.095985
4139.8939151764  1.989183
4141.45994806291  4.231554
4143.02598094941  3.693808
4144.59201383592  4.286341
4146.15804672242  1.061012
4147.72407960893  -6.085907
4149.29011249543  3.473114
4150.85614538194  6.367317
4152.42217826844  -0.7124882
4153.98821115495  3.27256
4155.55424404145  -2.170961
4157.12027692796  5.034256
4158.68630981446  6.855883
4160.25234270097  -3.50527
4161.81837558747  -0.0175457
4163.38440847398  1.793301
4164.95044136048  4.362023
4166.51647424699  3.331245
4168.08250713349  -2.382097
4169.64854002  -0.8612976
4171.2145729065  2.452715
4172.78060579301  3.121572
4174.34663867951  -4.358143
4175.91267156602  -5.458477
4177.47870445252  2.470581
4179.04473733903  7.080555
4180.61077022553  5.826387
4182.17680311204  1.374279
4183.74283599855  5.81741
4185.30886888505  8.442942
4186.87490177156  3.276899
4188.44093465806  4.754025
4190.00696754457  -1.51524
4191.57300043107  1.255426
4193.13903331758  -0.7475967
4194.70506620408  3.333844
4196.27109909059  2.596409
4197.83713197709  -1.304499
4199.4031648636  8.201134
4200.9691977501  -1.646461
4202.53523063661  6.457645
4204.10126352311  7.283103
4205.66729640962  -1.450983
4207.23332929612  4.285333
4208.79936218263  4.443165
4210.36539506913  -4.183653
4211.93142795564  0.8141117
4213.49746084214  2.969086
4215.06349372865  -1.229687
4216.62952661515  13.76713
4218.19555950166  7.917223
4219.76159238816  -4.258772
4221.32762527467  3.125019
4222.89365816117  4.308119
4224.45969104768  -7.942434
4226.02572393418  -0.9179821
4227.59175682069  -4.093861
4229.15778970719  -1.358692
4230.7238225937  2.29504
4232.2898554802  3.714252
4233.85588836671  6.896723
4235.42192125321  -3.70616
4236.98795413972  7.201746
4238.55398702622  -1.356197
4240.12001991273  -4.848389
4241.68605279924  5.542887
4243.25208568574  5.514738
4244.81811857224  -2.61862
4246.38415145875  6.558128
4247.95018434525  2.162121
4249.51621723176  11.5786
4251.08225011827  8.039963
4252.64828300477  6.753021
4254.21431589128  1.898441
4255.78034877778  -3.182457
4257.34638166429  11.11121
4258.91241455079  12.47743
4260.4784474373  3.067383
4262.0444803238  7.377813
4263.61051321031  8.289313
4265.17654609681  8.661865
4266.74257898332  6.326975
4268.30861186982  -2.164526
4269.87464475633  7.878061
4271.44067764283  -4.467924
4273.00671052934  8.964134
4274.57274341584  4.647686
4276.13877630235  9.771232
4277.70480918885  1.305931
4279.27084207536  3.575647
4280.83687496186  3.077585
4282.40290784837  2.654583
4283.96894073487  6.793621
4285.53497362138  0.09832001
4287.10100650788  0.4171276
4288.66703939439  0.9462337
4290.23307228089  4.026524
4291.7991051674  4.09874
4293.3651380539  1.627079
4294.93117094041  2.172092
4296.49720382692  -3.450291
4298.06323671342  6.092113
4299.62926959992  -4.377901
4301.19530248643  1.089945
4302.76133537293  0.5947399
4304.32736825944  1.320992
4305.89340114594  1.243191
4307.45943403245  6.619722
4309.02546691896  2.491518
4310.59149980546  12.2743
4312.15753269197  3.341154
4313.72356557847  6.519241
4315.28959846498  4.418849
4316.85563135148  1.065777
4318.42166423799  5.848709
4319.98769712449  1.56395
4321.553730011  -3.197432
4323.1197628975  -0.1488419
4324.68579578401  8.636013
4326.25182867051  6.117588
4327.81786155702  -0.2901497
4329.38389444352  -1.772697
4330.94992733003  -0.6905575
4332.51596021653  2.654289
4334.08199310304  4.987426
4335.64802598954  1.899506
4337.21405887605  -0.33078
4338.78009176255  6.588494
4340.34612464906  4.882238
4341.91215753556  0.04480362
4343.47819042207  3.142641
4345.04422330858  4.158795
4346.61025619508  0.5063572
4348.17628908158  8.299442
4349.74232196809  14.45685
4351.30835485459  7.645145
4352.8743877411  10.1915
4354.4404206276  5.465319
4356.00645351411  -0.1719475
4357.57248640061  0.3398952
4359.13851928712  7.398443
4360.70455217363  -1.591578
4362.27058506013  -1.253305
4363.83661794664  3.392183
4365.40265083314  2.786341
4366.96868371965  0.8464775
4368.53471660615  5.121757
4370.10074949266  9.480122
4371.66678237916  2.37191
4373.23281526567  6.748422
4374.79884815217  -2.376541
4376.36488103868  2.008314
4377.93091392518  1.243069
4379.49694681169  7.822594
4381.06297969819  6.753815
4382.6290125847  4.550097
4384.1950454712  -3.472742
4385.76107835771  0.02342987
4387.32711124421  -0.9789753
4388.89314413072  0.6893187
4390.45917701722  1.214567
4392.02520990373  -1.716019
4393.59124279023  -3.160967
4395.15727567674  6.20333
4396.72330856324  -0.842207
4398.28934144975  5.091047
4399.85537433625  10.42744
4401.42140722276  5.800629
4402.98744010926  0.2409286
4404.55347299577  2.203131
4406.11950588227  4.394316
4407.68553876878  7.538774
4409.25157165528  8.878743
4410.81760454179  1.853392
4412.38363742829  0.9583435
4413.9496703148  0.7430878
4415.51570320131  1.515096
4417.08173608781  11.55978
4418.64776897432  -2.677942
4420.21380186082  0.3659992
4421.77983474732  10.39868
4423.34586763383  4.123626
4424.91190052034  8.653574
4426.47793340684  4.524031
4428.04396629335  4.965528
4429.60999917985  5.37678
4431.17603206636  1.65736
4432.74206495286  -0.02876854
4434.30809783937  -2.357594
4435.87413072587  4.973434
4437.44016361238  8.611423
4439.00619649888  1.941532
4440.57222938539  4.997464
4442.13826227189  6.246981
4443.7042951584  -2.861152
4445.2703280449  2.263514
4446.83636093141  6.008712
4448.40239381791  3.495308
4449.96842670442  2.610169
4451.53445959092  -3.34164
4453.10049247743  4.104388
4454.66652536393  8.008747
4456.23255825044  -4.748394
4457.79859113694  8.961102
4459.36462402345  12.3384
4460.93065690995  2.510974
4462.49668979646  8.527411
4464.06272268296  2.790018
4465.62875556947  8.169432
4467.19478845597  -1.328094
4468.76082134248  2.496869
4470.32685422898  10.77893
4471.89288711549  1.879272
4473.45892000199  6.752581
4475.0249528885  2.246313
4476.590985775  1.249556
4478.15701866151  7.407693
4479.72305154802  17.13534
4481.28908443452  6.686101
4482.85511732102  1.848974
4484.42115020753  9.708634
4485.98718309404  5.239624
4487.55321598054  6.746096
4489.11924886705  1.047159
4490.68528175355  -4.233843
4492.25131464006  6.245171
4493.81734752656  10.06523
4495.38338041307  -1.470787
4496.94941329957  8.618589
4498.51544618608  3.479809
4500.08147907258  5.095541
4501.64751195909  -4.672976
4503.21354484559  7.218698
4504.7795777321  -3.297178
4506.3456106186  11.41673
4507.91164350511  -3.823193
4509.47767639161  4.339041
4511.04370927812  1.61838
4512.60974216462  -2.527691
4514.17577505113  -0.3446369
4515.74180793763  3.767293
4517.30784082414  0.2700768
4518.87387371064  8.43403
4520.43990659715  3.563513
4522.00593948365  8.252678
4523.57197237016  3.325357
4525.13800525666  3.641418
4526.70403814317  2.923027
4528.27007102967  4.498277
4529.83610391618  5.56718
4531.40213680268  9.072285
4532.96816968919  1.246193
4534.53420257569  0.5493412
4536.1002354622  8.057142
4537.6662683487  3.848629
4539.23230123521  5.273878
4540.79833412172  5.564468
4542.36436700822  5.121167
4543.93039989473  7.192418
4545.49643278123  8.188693
4547.06246566773  13.42455
4548.62849855424  8.770255
4550.19453144075  -0.4690647
4551.76056432725  7.170227
4553.32659721376  5.541708
4554.89263010026  8.614921
4556.45866298677  -0.7893543
4558.02469587327  1.13157
4559.59072875978  7.06306
4561.15676164628  3.562565
4562.72279453279  -3.2097
4564.28882741929  -1.984732
4565.8548603058  8.092834
4567.4208931923  6.266621
4568.98692607881  -3.332794
4570.55295896531  5.754517
4572.11899185182  6.645144
4573.68502473832  8.270025
4575.25105762483  11.77836
4576.81709051133  -2.366503
4578.38312339784  -1.708466
4579.94915628434  -3.022709
4581.51518917085  4.030302
4583.08122205735  3.461563
4584.64725494386  9.135947
4586.21328783036  -3.710238
4587.77932071687  1.577553
4589.34535360337  7.690948
4590.91138648988  18.98349
4592.47741937639  4.490718
4594.04345226289  0.2821693
4595.6094851494  8.138533
4597.1755180359  7.833713
4598.74155092241  9.084072
4600.30758380891  6.744282
4601.87361669542  4.463458
4603.43964958192  1.878522
4605.00568246843  1.090132
4606.57171535493  5.754038
4608.13774824144  5.854668
4609.70378112794  6.325537
4611.26981401445  3.16228
4612.83584690095  8.603171
4614.40187978746  4.621969
4615.96791267396  2.997103
4617.53394556047  4.736321
4619.09997844697  -3.87343
4620.66601133348  5.637917
4622.23204421998  6.87826
4623.79807710649  -0.2747231
4625.36410999299  13.43941
4626.9301428795  9.914136
4628.496175766  1.744902
4630.06220865251  -0.2245922
4631.62824153901  7.463682
4633.19427442552  8.283219
4634.76030731202  7.30763
4636.32634019853  14.24968
4637.89237308503  -0.8351555
4639.45840597154  1.965477
4641.02443885804  7.01245
4642.59047174455  4.903179
4644.15650463105  8.935512
4645.72253751756  12.43026
4647.28857040407  1.481837
4648.85460329057  6.592764
4650.42063617708  3.616395
4651.98666906358  9.949164
4653.55270195008  9.346596
4655.11873483659  0.6843472
4656.68476772309  3.45365
4658.2508006096  -4.708128
4659.81683349611  3.53269
4661.38286638261  2.237413
4662.94889926912  8.57982
4664.51493215562  7.241729
4666.08096504213  4.524662
4667.64699792863  11.60795
4669.21303081514  4.089725
4670.77906370164  3.193243
4672.34509658815  -1.627893
4673.91112947465  2.210242
4675.47716236116  -1.808034
4677.04319524766  -0.1304226
4678.60922813417  0.03458786
4680.17526102067  0.4351482
4681.74129390718  4.380433
4683.30732679368  6.297097
4684.87335968019  -0.8015757
4686.43939256669  9.668665
4688.0054254532  -2.471334
4689.5714583397  7.399026
4691.13749122621  0.4883842
4692.70352411271  1.420672
4694.26955699922  12.43824
4695.83558988572  2.857214
4697.40162277223  0.4302359
4698.96765565873  11.90478
4700.53368854524  9.531269
4702.09972143174  13.30952
4703.66575431825  2.03405
4705.23178720475  10.40256
4706.79782009126  0.7436371
4708.36385297776  -0.4888973
4709.92988586427  5.565125
4711.49591875078  5.463447
4713.06195163728  5.575471
4714.62798452379  2.666064
4716.19401741029  4.307187
4717.7600502968  5.031211
4719.3260831833  7.243592
4720.89211606981  1.451878
4722.45814895631  6.592244
4724.02418184282  1.582009
4725.59021472932  -0.256506
4727.15624761583  3.66989
4728.72228050233  8.117058
4730.28831338884  15.09474
4731.85434627534  4.308369
4733.42037916185  2.701258
4734.98641204835  6.633649
4736.55244493486  10.43433
4738.11847782136  5.631898
4739.68451070787  11.22227
4741.25054359437  1.540045
4742.81657648088  7.058668
4744.38260936738  6.893833
4745.94864225389  7.466209
4747.51467514039  5.490105
4749.0807080269  8.199743
4750.6467409134  7.621497
4752.21277379991  -1.463003
4753.77880668641  9.373278
4755.34483957292  1.220043
4756.91087245942  4.17497
4758.47690534593  8.638064
4760.04293823243  1.086582
4761.60897111894  7.045848
4763.17500400544  11.49666
4764.74103689195  -0.2630081
4766.30706977845  3.231489
4767.87310266496  -3.749801
4769.43913555146  7.84809
4771.00516843797  5.906067
4772.57120132447  -0.1522102
4774.13723421098  0.7767525
4775.70326709749  9.325315
4777.26929998399  6.08082
4778.8353328705  8.841011
4780.401365757  0.1055756
4781.96739864351  -0.1182499
4783.53343153001  0.8564682
4785.09946441652  -1.084679
4786.66549730302  -2.051489
4788.23153018953  -1.148027
4789.79756307603  4.908192
4791.36359596254  8.399317
4792.92962884904  3.595006
4794.49566173555  9.228197
4796.06169462205  -0.5825109
4797.62772750856  9.655435
4799.19376039506  5.234898
4800.75979328157  -3.662394
4802.32582616807  4.297076
4803.89185905458  -0.04557991
4805.45789194108  16.13372
4807.02392482759  8.59602
4808.58995771409  7.467542
4810.1559906006  6.405743
4811.7220234871  1.400969
4813.28805637361  9.346455
4814.85408926011  2.636864
4816.42012214662  1.361941
4817.98615503312  9.054478
4819.55218791963  6.97364
4821.11822080613  6.754374
4822.68425369264  7.702338
4824.25028657914  -5.736443
4825.81631946565  -0.5504074
4827.38235235215  17.57739
4828.94838523866  5.129332
4830.51441812516  3.070334
4832.08045101167  5.580852
4833.64648389817  8.601827
4835.21251678468  9.819249
4836.77854967118  6.019993
4838.34458255769  4.269354
4839.9106154442  -1.347097
4841.4766483307  6.006298
4843.04268121721  5.961197
4844.60871410371  6.722958
4846.17474699022  3.610494
4847.74077987672  -2.989523
4849.30681276323  2.311382
4850.87284564973  6.079412
4852.43887853624  10.29052
4854.00491142274  15.07057
4855.57094430925  5.553731
4857.13697719575  4.195341
4858.70301008226  3.532728
4860.26904296876  5.179523
4861.83507585527  2.655371
4863.40110874177  5.996788
4864.96714162828  4.662363
4866.53317451478  8.765361
4868.09920740129  4.506792
4869.66524028779  9.498762
4871.2312731743  2.894814
4872.7973060608  7.543274
4874.36333894731  0.4101505
4875.92937183381  4.160703
4877.49540472032  4.640943
4879.06143760682  4.538074
4880.62747049333  -1.258575
4882.19350337983  2.736467
4883.75953626634  9.026946
4885.32556915284  3.570756
4886.89160203935  1.966116
4888.45763492585  1.540298
4890.02366781236  3.19197
4891.58970069887  3.739525
4893.15573358537  7.114666
4894.72176647188  -0.7819748
4896.28779935838  0.3964233
4897.85383224489  0.3213787
4899.41986513139  -2.332954
4900.9858980179  4.718396
4902.5519309044  0.608285
4904.11796379091  2.154708
4905.68399667741  4.483963
4907.25002956392  0.09043312
4908.81606245042  1.836073
4910.38209533693  1.607208
4911.94812822343  8.921991
4913.51416110994  13.39312
4915.08019399644  14.07281
4916.64622688295  5.113742
4918.21225976945  4.718979
4919.77829265596  2.227407
4921.34432554246  4.422747
4922.91035842897  5.377565
4924.47639131547  -1.376883
4926.04242420198  5.254973
4927.60845708848  4.135367
4929.17448997499  11.66696
4930.74052286149  6.903632
4932.306555748  5.609993
4933.8725886345  6.80057
4935.43862152101  -2.349981
4937.00465440751  12.41211
4938.57068729402  4.749079
4940.13672018052  2.666384
4941.70275306703  6.880214
4943.26878595353  4.9891
4944.83481884004  0.217247
4946.40085172655  9.905053
4947.96688461305  1.386023
4949.53291749956  9.087048
4951.09895038606  12.3265
4952.66498327256  4.727988
4954.23101615907  7.868217
4955.79704904558  5.662664
4957.36308193208  11.83998
4958.92911481859  2.184864
4960.49514770509  -0.4815598
4962.0611805916  3.184347
4963.6272134781  9.247149
4965.19324636461  4.303749
4966.75927925111  13.79285
4968.32531213762  -1.646471
4969.89134502412  14.60312
4971.45737791063  5.761853
4973.02341079713  11.51451
4974.58944368364  15.38773
4976.15547657014  1.091179
4977.72150945665  6.761282
4979.28754234315  2.181154
4980.85357522966  5.02247
4982.41960811616  5.139442
4983.98564100267  10.25799
4985.55167388917  3.750406
4987.11770677568  -1.339436
4988.68373966218  5.419149
4990.24977254869  8.314941
4991.81580543519  8.618947
4993.3818383217  9.486739
4994.9478712082  14.20874
4996.51390409471  5.720228
4998.07993698121  5.320449
4999.64596986772  1.69944
5001.21200275422  7.499169
5002.77803564073  1.94637
5004.34406852724  6.989392
5005.91010141374  4.538918
5007.47613430024  13.86895
5009.04216718675  7.131097
5010.60820007326  13.17882
5012.17423295976  6.396395
5013.74026584627  0.7118454
5015.30629873277  2.761719
5016.87233161928  15.58135
5018.43836450578  12.11969
5020.00439739229  2.049529
5021.57043027879  9.03152
5023.1364631653  9.951583
5024.7024960518  14.38743
5026.26852893831  7.38892
5027.83456182481  4.662849
5029.40059471132  2.401426
5030.96662759782  8.344665
5032.53266048433  2.159185
5034.09869337083  3.356812
5035.66472625734  6.06041
5037.23075914384  6.02045
5038.79679203035  12.48492
5040.36282491685  -1.540525
5041.92885780336  4.891683
5043.49489068986  3.370218
5045.06092357637  2.490845
5046.62695646287  7.929561
5048.19298934938  7.090565
5049.75902223588  4.93441
5051.32505512239  8.237185
5052.89108800889  3.751608
5054.4571208954  15.68604
5056.0231537819  10.95715
5057.58918666841  1.276464
5059.15521955491  11.82742
5060.72125244142  -4.984892
5062.28728532792  7.781827
5063.85331821443  4.693481
5065.41935110094  4.002894
5066.98538398744  9.006583
5068.55141687394  5.450026
5070.11744976045  4.11938
5071.68348264696  8.024912
5073.24951553346  4.931704
5074.81554841996  -3.308458
5076.38158130647  7.361685
5077.94761419298  4.145885
5079.51364707948  2.505906
5081.07967996599  8.727684
5082.64571285249  3.19891
5084.211745739  9.254423
5085.7777786255  1.033364
5087.34381151201  0.9504175
5088.90984439851  8.614166
5090.47587728502  3.342113
5092.04191017152  5.206861
5093.60794305803  5.885496
5095.17397594453  7.357531
5096.74000883104  2.313141
5098.30604171754  14.42278
5099.87207460405  -0.6808147
5101.43810749055  3.040222
5103.00414037706  16.1191
5104.57017326356  19.09092
5106.13620615007  5.963749
5107.70223903657  13.47817
5109.26827192308  -0.8147688
5110.83430480958  1.814569
5112.40033769609  4.362953
5113.96637058259  9.227068
5115.5324034691  10.87463
5117.0984363556  1.582103
5118.66446924211  4.190833
5120.23050212861  7.479384
5121.79653501512  12.17867
5123.36256790163  7.399405
5124.92860078813  2.818808
5126.49463367464  6.326467
5128.06066656114  7.822567
5129.62669944765  3.227144
5131.19273233415  5.793461
5132.75876522066  3.539286
5134.32479810716  15.6023
5135.89083099367  8.161904
5137.45686388017  12.32261
5139.02289676668  8.877598
5140.58892965318  4.366274
5142.15496253969  9.93933
5143.72099542619  3.132283
5145.2870283127  -2.465351
5146.8530611992  7.683043
5148.41909408571  7.292885
5149.98512697221  11.24394
5151.55115985872  9.793273
5153.11719274522  6.880486
5154.68322563173  16.01332
5156.24925851823  11.11661
5157.81529140474  3.518171
5159.38132429124  1.382825
5160.94735717775  9.910356
5162.51339006425  7.293097
5164.07942295076  0.05177689
5165.64545583726  8.35271
5167.21148872377  11.76339
5168.77752161027  5.410517
5170.34355449678  12.37206
5171.90958738328  11.74367
5173.47562026979  8.580356
5175.04165315629  3.351686
5176.6076860428  6.408631
5178.1737189293  5.414417
5179.73975181581  6.027549
5181.30578470232  8.088826
5182.87181758882  7.49617
5184.43785047533  12.97108
5186.00388336183  14.35342
5187.56991624834  10.4647
5189.13594913484  10.59184
5190.70198202135  9.675139
5192.26801490785  8.145553
5193.83404779436  10.8464
5195.40008068086  2.974089
5196.96611356737  -4.855124
5198.53214645387  5.475499
5200.09817934038  4.934942
5201.66421222688  14.62833
5203.23024511339  12.91889
5204.79627799989  4.7691
5206.3623108864  3.409565
5207.9283437729  5.9575
5209.49437665941  6.045693
5211.06040954591  7.374935
5212.62644243242  5.686919
5214.19247531892  0.07512283
5215.75850820543  7.536133
5217.32454109193  12.83791
5218.89057397844  -0.7399063
5220.45660686494  14.29975
5222.02263975145  9.434338
5223.58867263795  9.241182
5225.15470552446  6.426972
5226.72073841096  0.5051327
5228.28677129747  1.333344
5229.85280418397  2.592522
5231.41883707048  8.890474
5232.98486995698  5.856801
5234.55090284349  8.630801
5236.11693572999  8.909048
5237.6829686165  13.35063
5239.24900150301  5.135395
5240.81503438951  3.596053
5242.38106727602  5.091238
5243.94710016252  16.29568
5245.51313304903  2.390312
5247.07916593553  9.625376
5248.64519882203  13.63858
5250.21123170854  5.251281
5251.77726459505  0.1402931
5253.34329748155  4.458043
5254.90933036806  13.32169
5256.47536325456  7.664417
5258.04139614107  4.246563
5259.60742902757  3.770812
5261.17346191408  7.504786
5262.73949480058  -2.06945
5264.30552768709  8.921326
5265.87156057359  6.840987
5267.4375934601  5.347415
5269.0036263466  0.8927059
5270.56965923311  13.6243
5272.13569211961  14.02396
5273.70172500612  7.832931
5275.26775789262  8.617984
5276.83379077913  8.914853
5278.39982366563  3.908536
5279.96585655214  11.86837
5281.53188943864  9.265907
5283.09792232515  5.929302
5284.66395521165  4.465429
5286.22998809816  2.199499
5287.79602098466  1.628649
5289.36205387117  15.82185
5290.92808675767  13.73656
5292.49411964418  11.04975
5294.06015253068  18.44379
5295.62618541719  10.95947
5297.1922183037  4.892903
5298.7582511902  8.45435
5300.3242840767  14.87224
5301.89031696321  1.104441
5303.45634984972  6.793428
5305.02238273622  12.89757
5306.58841562273  17.26829
5308.15444850923  14.54167
5309.72048139574  14.75717
5311.28651428224  11.56717
5312.85254716875  4.673841
5314.41858005525  11.779
5315.98461294176  9.64383
5317.55064582826  -0.3764334
5319.11667871477  1.818251
5320.68271160127  13.79561
5322.24874448778  6.67497
5323.81477737428  8.282892
5325.38081026079  10.73247
5326.94684314729  8.491939
5328.5128760338  9.032277
5330.0789089203  8.737147
5331.64494180681  11.34014
5333.21097469331  11.87571
5334.77700757982  11.41407
5336.34304046632  5.467303
5337.90907335283  4.367719
5339.47510623933  1.411463
5341.04113912584  7.275524
5342.60717201234  10.21531
5344.17320489885  7.271191
5345.73923778535  7.273335
5347.30527067186  9.545028
5348.87130355836  11.44469
5350.43733644487  9.528091
5352.00336933137  6.864201
5353.56940221788  6.232105
5355.13543510438  0.5314617
5356.70146799089  2.503428
5358.26750087739  19.83681
5359.8335337639  11.39689
5361.3995666504  7.20148
5362.96559953691  6.405795
5364.53163242342  7.291229
5366.09766530992  4.940349
5367.66369819643  5.735507
5369.22973108293  17.82648
5370.79576396944  5.331854
5372.36179685594  8.852967
5373.92782974244  11.17268
5375.49386262895  11.96337
5377.05989551546  6.51413
5378.62592840196  8.828855
5380.19196128847  5.961284
5381.75799417497  8.485956
5383.32402706148  7.156921
5384.89005994798  9.237203
5386.45609283449  10.91419
5388.02212572099  7.059809
5389.5881586075  3.98033
5391.154191494  3.953285
5392.72022438051  11.83272
5394.28625726701  5.937773
5395.85229015352  3.314023
5397.41832304002  7.162503
5398.98435592653  8.438876
5400.55038881303  9.003621
5402.11642169954  9.687788
5403.68245458604  5.517694
5405.24848747255  0.4716454
5406.81452035906  11.285
5408.38055324556  6.829404
5409.94658613206  9.966517
5411.51261901857  11.14769
5413.07865190507  3.783875
5414.64468479158  10.83914
5416.21071767809  12.75701
5417.77675056459  6.987452
5419.3427834511  19.67174
5420.9088163376  10.63575
5422.47484922411  6.439456
5424.04088211061  12.5427
5425.60691499712  11.55834
5427.17294788362  10.7098
5428.73898077013  8.169073
5430.30501365663  8.359546
5431.87104654314  10.36386
5433.43707942964  15.19776
5435.00311231615  5.280801
5436.56914520265  8.61752
5438.13517808916  7.963007
5439.70121097566  10.14305
5441.26724386217  8.41309
5442.83327674867  8.924813
5444.39930963518  8.117017
5445.96534252168  7.631974
5447.53137540819  11.08994
5449.09740829469  9.116889
5450.6634411812  15.38923
5452.2294740677  7.876123
5453.79550695421  13.28417
5455.36153984071  14.27835
5456.92757272722  20.3701
5458.49360561372  16.57925
5460.05963850023  10.63273
5461.62567138673  8.143604
5463.19170427324  10.71035
5464.75773715974  21.47801
5466.32377004625  12.8741
5467.88980293275  2.621888
5469.45583581926  6.726406
5471.02186870576  8.738295
5472.58790159227  7.138891
5474.15393447878  9.081334
5475.71996736528  16.72035
5477.28600025178  11.17963
5478.85203313829  17.80196
5480.4180660248  15.66535
5481.9840989113  7.092644
5483.55013179781  15.00121
5485.11616468431  18.24511
5486.68219757082  12.35385
5488.24823045732  14.4049
5489.81426334383  15.1917
5491.38029623033  15.16495
5492.94632911684  15.02572
5494.51236200334  5.56718
5496.07839488985  5.912391
5497.64442777635  16.98613
5499.21046066286  9.019265
5500.77649354936  15.86044
5502.34252643587  12.95077
5503.90855932237  12.36232
5505.47459220888  13.7982
5507.04062509538  12.61038
5508.60665798189  7.399751
5510.17269086839  15.21394
5511.7387237549  9.453318
5513.3047566414  8.981639
5514.87078952791  5.218078
5516.43682241441  8.444947
5518.00285530092  18.02317
5519.56888818742  13.707
5521.13492107393  12.08297
5522.70095396043  15.17765
5524.26698684694  16.20873
5525.83301973344  12.60459
5527.39905261995  7.269804
5528.96508550645  4.677936
5530.53111839296  14.6369
5532.09715127946  7.4315
5533.66318416597  12.90915
5535.22921705247  10.27927
5536.79524993898  11.90469
5538.36128282548  3.874996
5539.92731571199  18.33243
5541.4933485985  6.614669
5543.059381485  13.61458
5544.62541437151  8.652021
5546.19144725801  8.947277
5547.75748014452  25.74612
5549.32351303102  9.152046
5550.88954591753  10.91026
5552.45557880403  8.070606
5554.02161169054  14.43149
5555.58764457704  14.84522
5557.15367746355  17.15649
5558.71971035005  18.581
5560.28574323656  7.727062
5561.85177612306  7.118308
5563.41780900957  6.61647
5564.98384189607  14.25126
5566.54987478258  17.90948
5568.11590766908  7.880396
5569.68194055559  10.14024
5571.24797344209  8.152766
5572.8140063286  12.10271
5574.3800392151  41.94791
5575.94607210161  27.88486
5577.51210498811  16.28927
5579.07813787462  -11.63579
5580.64417076112  -7.711348
5582.21020364763  11.42944
5583.77623653413  6.662488
5585.34226942064  12.6633
5586.90830230714  3.866385
5588.47433519365  9.518633
5590.04036808015  8.940015
5591.60640096666  11.81294
5593.17243385316  3.078442
5594.73846673967  5.58753
5596.30449962617  15.5064
5597.87053251268  21.23524
5599.43656539919  1.825964
5601.00259828569  13.89025
5602.5686311722  22.22203
5604.1346640587  6.171171
5605.7006969452  16.09213
5607.26672983171  20.3177
5608.83276271822  13.45424
5610.39879560472  11.69711
5611.96482849123  17.87171
5613.53086137773  1.443048
5615.09689426424  3.728118
5616.66292715074  13.48788
5618.22896003725  12.58764
5619.79499292375  4.640091
5621.36102581026  17.98711
5622.92705869676  12.72068
5624.49309158327  17.67314
5626.05912446977  7.171214
5627.62515735628  14.72592
5629.19119024278  16.33237
5630.75722312929  19.31116
5632.32325601579  14.23702
5633.8892889023  2.534047
5635.4553217888  10.96795
5637.02135467531  11.13515
5638.58738756181  14.45481
5640.15342044832  7.069666
5641.71945333482  9.674167
5643.28548622133  16.1301
5644.85151910783  8.645554
5646.41755199434  12.39579
5647.98358488084  6.164862
5649.54961776735  19.5652
5651.11565065385  19.41172
5652.68168354036  14.53994
5654.24771642687  12.39202
5655.81374931337  3.477112
5657.37978219987  4.744576
5658.94581508638  8.949081
5660.51184797288  10.39591
5662.07788085939  17.41019
5663.6439137459  6.177414
5665.2099466324  13.102
5666.77597951891  21.09792
5668.34201240541  13.33559
5669.90804529192  10.88935
5671.47407817842  3.901363
5673.04011106493  15.67812
5674.60614395143  8.42005
5676.17217683794  15.16825
5677.73820972444  6.278837
5679.30424261095  3.841652
5680.87027549745  10.61892
5682.43630838396  17.14648
5684.00234127046  14.04344
5685.56837415697  12.43208
5687.13440704347  7.64222
5688.70043992998  15.47122
5690.26647281648  8.514465
5691.83250570299  7.586494
5693.39853858949  14.99477
5694.964571476  8.715887
5696.5306043625  9.295856
5698.09663724901  12.43801
5699.66267013552  9.815465
5701.22870302202  20.67124
5702.79473590852  10.20662
5704.36076879503  7.342757
5705.92680168153  12.20756
5707.49283456804  14.54321
5709.05886745454  14.22231
5710.62490034105  3.142235
5712.19093322756  13.13213
5713.75696611406  -2.577391
5715.32299900057  12.00846
5716.88903188707  9.281014
5718.45506477357  14.2639
5720.02109766008  26.11716
5721.58713054659  20.60212
5723.15316343309  13.28946
5724.7191963196  20.88385
5726.2852292061  7.22689
5727.85126209261  12.21658
5729.41729497911  18.2048
5730.98332786562  13.57737
5732.54936075212  12.85081
5734.11539363863  11.73693
5735.68142652513  15.59838
5737.24745941164  12.37956
5738.81349229814  21.75637
5740.37952518465  6.114829
5741.94555807115  6.366995
5743.51159095766  18.72105
5745.07762384416  14.4298
5746.64365673067  6.025605
5748.20968961717  9.639406
5749.77572250368  6.079053
5751.34175539018  7.745356
5752.90778827669  11.25671
5754.47382116319  13.58268
5756.0398540497  8.606488
5757.6058869362  15.27702
5759.17191982271  11.31903
5760.73795270921  11.62428
5762.30398559572  12.01156
5763.87001848222  10.84846
5765.43605136873  17.43788
5767.00208425524  8.820617
5768.56811714174  17.81598
5770.13415002824  12.90468
5771.70018291475  -1.193623
5773.26621580126  10.08989
5774.83224868776  11.67228
5776.39828157426  14.20781
5777.96431446077  9.151835
5779.53034734727  9.771873
5781.09638023378  9.198513
5782.66241312029  17.36154
5784.22844600679  5.090651
5785.7944788933  19.80194
5787.3605117798  10.34174
5788.92654466631  11.34888
5790.49257755281  10.96668
5792.05861043932  17.33131
5793.62464332582  11.72677
5795.19067621233  13.78399
5796.75670909883  10.31672
5798.32274198534  13.12238
5799.88877487184  24.81385
5801.45480775835  14.54076
5803.02084064485  17.6254
5804.58687353136  5.143016
5806.15290641786  6.87226
5807.71893930437  4.47803
5809.28497219087  6.039764
5810.85100507738  11.78192
5812.41703796388  15.22591
5813.98307085039  6.227655
5815.54910373689  14.69468
5817.1151366234  22.65742
5818.6811695099  7.275132
5820.24720239641  14.46762
5821.81323528291  8.95615
5823.37926816942  17.59476
5824.94530105592  9.747914
5826.51133394243  18.69757
5828.07736682893  1.542158
5829.64339971544  11.84776
5831.20943260194  8.41659
5832.77546548845  8.96546
5834.34149837495  11.38034
5835.90753126146  12.71384
5837.47356414797  8.15398
5839.03959703447  13.4087
5840.60562992098  14.91415
5842.17166280748  18.00244
5843.73769569399  15.73814
5845.30372858049  7.505652
5846.869761467  15.39975
5848.4357943535  9.892667
5850.00182724001  14.91907
5851.56786012651  10.27174
5853.13389301302  10.97913
5854.69992589952  5.769161
5856.26595878603  9.310804
5857.83199167253  20.82057
5859.39802455904  14.94196
5860.96405744554  -1.527903
5862.53009033205  13.48156
5864.09612321855  11.96713
5865.66215610506  18.66086
5867.22818899156  22.32841
5868.79422187807  12.76567
5870.36025476457  8.5087
5871.92628765108  10.06289
5873.49232053758  9.567122
5875.05835342409  13.76726
5876.62438631059  14.16346
5878.1904191971  12.9546
5879.7564520836  5.901485
5881.32248497011  16.92405
5882.88851785661  15.92257
5884.45455074312  7.562204
5886.02058362962  13.61689
5887.58661651613  12.16487
5889.15264940263  -1.689098
5890.71868228914  -3.629807
5892.28471517564  -7.518642
5893.85074806215  10.12914
5895.41678094866  4.258379
5896.98281383516  -2.911448
5898.54884672167  3.284529
5900.11487960817  7.017792
5901.68091249468  13.69245
5903.24694538118  14.98819
5904.81297826768  11.96407
5906.37901115419  15.14027
5907.9450440407  14.73904
5909.5110769272  2.813166
5911.07710981371  5.282195
5912.64314270021  5.428304
5914.20917558672  10.3901
5915.77520847322  9.40134
5917.34124135973  5.826573
5918.90727424623  18.87074
5920.47330713274  13.64309
5922.03934001924  17.10674
5923.60537290575  20.06196
5925.17140579225  7.015807
5926.73743867876  3.808894
5928.30347156526  14.9248
5929.86950445177  12.16075
5931.43553733827  18.2158
5933.00157022478  13.7191
5934.56760311128  21.67642
5936.13363599779  12.49683
5937.69966888429  13.55627
5939.2657017708  19.54796
5940.8317346573  15.69649
5942.39776754381  14.85751
5943.96380043031  10.80015
5945.52983331682  10.78424
5947.09586620333  11.5981
5948.66189908983  9.704422
5950.22793197634  10.84006
5951.79396486284  11.46069
5953.35999774935  8.012827
5954.92603063585  15.9449
5956.49206352236  8.567396
5958.05809640886  11.02585
5959.62412929537  16.21392
5961.19016218187  5.843891
5962.75619506838  12.49164
5964.32222795488  12.46431
5965.88826084139  15.1282
5967.45429372789  9.893965
5969.0203266144  7.983833
5970.5863595009  18.10905
5972.15239238741  14.25257
5973.71842527391  1.198647
5975.28445816042  7.788922
5976.85049104692  7.700222
5978.41652393343  15.03562
5979.98255681993  16.79518
5981.54858970644  12.48727
5983.11462259294  13.28345
5984.68065547945  13.80596
5986.24668836595  7.616994
5987.81272125246  16.67222
5989.37875413896  11.40623
5990.94478702547  16.33763
5992.51081991197  11.41218
5994.07685279848  15.2875
5995.64288568498  14.98338
5997.20891857149  15.51331
5998.77495145799  13.39135
6000.3409843445  9.730515
6001.907017231  8.556221
6003.47305011751  13.73611
6005.03908300402  10.47152
6006.60511589052  12.16447
6008.17114877703  9.972318
6009.73718166353  19.24254
6011.30321455004  11.15004
6012.86924743654  15.13005
6014.43528032305  11.68691
6016.00131320955  14.28941
6017.56734609605  7.670925
6019.13337898256  15.71391
6020.69941186907  16.99944
6022.26544475557  10.73218
6023.83147764208  4.524448
6025.39751052858  15.88505
6026.96354341509  15.66096
6028.52957630159  6.972584
6030.0956091881  9.09112
6031.6616420746  14.05328
6033.22767496111  8.321256
6034.79370784761  8.297806
6036.35974073412  6.738498
6037.92577362062  8.21238
6039.49180650713  14.49434
6041.05783939363  7.616222
6042.62387228014  15.40231
6044.18990516664  22.67956
6045.75593805315  13.23719
6047.32197093965  16.43716
6048.88800382616  10.81522
6050.45403671266  15.69372
6052.02006959917  16.63311
6053.58610248567  9.360779
6055.15213537218  13.83521
6056.71816825868  7.962876
6058.28420114519  11.3259
6059.85023403169  13.11699
6061.4162669182  11.32323
6062.9822998047  11.09557
6064.54833269121  10.20044
6066.11436557771  11.23222
6067.68039846422  13.02425
6069.24643135072  14.84779
6070.81246423723  12.7472
6072.37849712374  15.69907
6073.94453001024  17.23904
6075.51056289675  15.6174
6077.07659578325  18.29187
6078.64262866976  15.68851
6080.20866155626  10.78998
6081.77469444277  11.75917
6083.34072732927  12.89503
6084.90676021578  12.41711
6086.47279310228  12.12956
6088.03882598879  21.41136
6089.60485887529  18.28205
6091.1708917618  8.462452
6092.7369246483  12.71421
6094.30295753481  14.86387
6095.86899042131  16.24961
6097.43502330782  11.65489
6099.00105619432  16.88773
6100.56708908083  12.84773
6102.13312196733  5.444683
6103.69915485384  12.14596
6105.26518774034  10.11279
6106.83122062685  12.71115
6108.39725351335  8.614544
6109.96328639986  11.82132
6111.52931928636  15.72965
6113.09535217287  15.70911
6114.66138505937  14.91819
6116.22741794588  8.402361
6117.79345083238  17.17904
6119.35948371889  16.97506
6120.92551660539  15.79021
6122.4915494919  8.547131
6124.0575823784  10.76615
6125.62361526491  11.69662
6127.18964815141  13.01628
6128.75568103792  16.41306
6130.32171392443  12.63711
6131.88774681093  16.33578
6133.45377969744  17.07332
6135.01981258394  7.231836
6136.58584547045  17.93155
6138.15187835695  13.68947
6139.71791124346  13.87552
6141.28394412996  15.09235
6142.84997701647  5.273019
6144.41600990297  5.458522
6145.98204278948  10.46116
6147.54807567598  10.13419
6149.11410856249  15.9469
6150.68014144899  14.37572
6152.2461743355  10.42552
6153.812207222  14.74323
6155.37824010851  12.54004
6156.94427299501  14.71926
6158.51030588152  13.35446
6160.07633876802  10.38878
6161.64237165453  11.78152
6163.20840454103  12.86336
6164.77443742754  11.92622
6166.34047031404  15.08625
6167.90650320055  8.548588
6169.47253608705  8.682629
6171.03856897356  10.65981
6172.60460186006  14.00063
6174.17063474657  19.13387
6175.73666763307  20.09144
6177.30270051958  13.40377
6178.86873340608  11.21173
6180.43476629259  9.697655
6182.00079917909  11.37974
6183.5668320656  12.38196
6185.1328649521  17.79682
6186.69889783861  12.42234
6188.26493072511  11.1893
6189.83096361162  8.589417
6191.39699649812  8.771957
6192.96302938463  9.471789
6194.52906227114  9.022312
6196.09509515764  8.394108
6197.66112804415  4.858211
6199.22716093065  6.560432
6200.79319381716  13.69468
6202.35922670366  16.12628
6203.92525959017  11.29701
6205.49129247667  10.22658
6207.05732536318  12.46045
6208.62335824968  17.04225
6210.18939113619  5.345933
6211.75542402269  12.04689
6213.3214569092  14.31521
6214.8874897957  10.73481
6216.45352268221  14.23984
6218.01955556871  13.60993
6219.58558845522  11.87867
6221.15162134172  12.03133
6222.71765422823  8.000927
6224.28368711473  8.717913
6225.84972000124  11.83309
6227.41575288774  11.15237
6228.98178577425  11.60468
6230.54781866075  13.11001
6232.11385154726  16.40663
6233.67988443376  9.103809
6235.24591732027  17.80041
6236.81195020677  13.72391
6238.37798309328  10.82064
6239.94401597978  10.02008
6241.51004886629  7.848733
6243.0760817528  9.631945
6244.6421146393  9.175176
6246.20814752581  16.87017
6247.77418041231  17.77826
6249.34021329882  10.05124
6250.90624618532  10.00945
6252.47227907183  10.64883
6254.03831195833  14.68808
6255.60434484484  14.93154
6257.17037773134  15.87447
6258.73641061785  13.52252
6260.30244350435  7.203371
6261.86847639086  -2.051272
6263.43450927736  12.85355
6265.00054216387  10.62959
6266.56657505037  14.28468
6268.13260793688  10.05402
6269.69864082338  8.242016
6271.26467370989  15.2803
6272.83070659639  13.89043
6274.3967394829  10.0819
6275.9627723694  12.11929
6277.52880525591  13.98153
6279.09483814241  15.56041
6280.66087102892  14.21805
6282.22690391542  8.504278
6283.79293680193  8.945168
6285.35896968843  12.42531
6286.92500257494  14.22354
6288.49103546144  8.904814
6290.05706834795  10.30259
6291.62310123445  16.76324
6293.18913412096  12.87638
6294.75516700746  10.44875
6296.32119989397  12.99408
6297.88723278048  11.96556
6299.45326566698  10.92392
6301.01929855348  4.751843
6302.58533143999  2.547904
6304.1513643265  7.906204
6305.717397213  6.937423
6307.2834300995  7.677872
6308.84946298601  10.38162
6310.41549587252  9.75941
6311.98152875902  11.22416
6313.54756164553  11.72897
6315.11359453203  12.55994
6316.67962741854  14.94727
6318.24566030504  15.23794
6319.81169319155  15.00284
6321.37772607805  10.87185
6322.94375896456  7.588542
6324.50979185106  15.73464
6326.07582473757  14.04454
6327.64185762407  6.913343
6329.20789051058  11.5827
6330.77392339708  5.87054
6332.33995628359  6.116992
6333.90598917009  17.5054
6335.4720220566  7.868347
6337.0380549431  12.59132
6338.60408782961  12.71501
6340.17012071611  12.95942
6341.73615360262  12.90934
6343.30218648912  10.61687
6344.86821937563  15.75359
6346.43425226213  20.70563
6348.00028514864  12.03931
6349.56631803514  8.143579
6351.13235092165  9.731823
6352.69838380815  11.62609
6354.26441669466  8.945322
6355.83044958117  15.24988
6357.39648246767  17.34087
6358.96251535417  12.33039
6360.52854824068  12.58359
6362.09458112718  11.92367
6363.66061401369  8.803413
6365.22664690019  3.979967
6366.7926797867  11.48451
6368.3587126732  8.616301
6369.92474555971  9.277262
6371.49077844622  10.7603
6373.05681133272  11.60809
6374.62284421922  17.25664
6376.18887710573  12.88356
6377.75490999224  9.7484
6379.32094287874  11.48377
6380.88697576525  14.83742
6382.45300865175  10.08386
6384.01904153826  10.0516
6385.58507442476  13.34316
6387.15110731127  13.63556
6388.71714019777  10.73674
6390.28317308428  10.72701
6391.84920597078  14.28493
6393.41523885729  12.11293
6394.98127174379  10.30038
6396.5473046303  11.70819
6398.1133375168  13.79018
6399.67937040331  11.9977
6401.24540328981  11.86156
6402.81143617632  13.03834
6404.37746906282  11.73995
6405.94350194933  10.86229
6407.50953483583  17.05643
6409.07556772234  11.575
6410.64160060884  7.481651
6412.20763349535  9.233528
6413.77366638185  14.41001
6415.33969926836  10.0204
6416.90573215486  6.375386
6418.47176504137  6.492994
6420.03779792787  9.909242
6421.60383081438  18.65525
6423.16986370089  14.11382
6424.73589658739  14.98088
6426.30192947389  5.916646
6427.8679623604  9.269641
6429.43399524691  8.264191
6431.00002813341  9.127717
6432.56606101992  10.76493
6434.13209390642  12.91124
6435.69812679292  10.94103
6437.26415967943  12.74501
6438.83019256594  6.470149
6440.39622545244  5.680417
6441.96225833895  12.0127
6443.52829122545  10.8633
6445.09432411196  12.74672
6446.66035699846  10.52149
6448.22638988497  12.92939
6449.79242277147  6.762379
6451.35845565798  10.39949
6452.92448854448  11.9643
6454.49052143099  11.67699
6456.05655431749  8.458544
6457.622587204  3.976659
6459.1886200905  9.683815
6460.75465297701  13.78003
6462.32068586351  17.60835
6463.88671875002  8.708831
6465.45275163652  13.30074
6467.01878452303  6.782409
6468.58481740953  11.44824
6470.15085029604  7.961566
6471.71688318254  8.770901
6473.28291606905  10.85967
6474.84894895555  10.78968
6476.41498184206  8.413362
6477.98101472856  9.37346
6479.54704761507  7.003784
6481.11308050158  10.74348
6482.67911338808  11.40117
6484.24514627459  9.42467
6485.81117916109  10.47816
6487.3772120476  9.108484
6488.9432449341  10.23593
6490.50927782061  10.72126
6492.07531070711  13.46508
6493.64134359362  6.657685
6495.20737648012  9.318705
6496.77340936663  7.492027
6498.33944225313  7.752903
6499.90547513964  13.50126
6501.47150802614  8.779714
6503.03754091265  14.49803
6504.60357379915  8.999943
6506.16960668566  8.080901
6507.73563957216  5.340364
6509.30167245867  15.17614
6510.86770534517  7.802741
6512.43373823168  9.623182
6513.99977111818  7.049643
6515.56580400469  6.861887
6517.13183689119  7.534372
6518.6978697777  9.153997
6520.2639026642  1.594729
6521.82993555071  10.79647
6523.39596843721  15.49718
6524.96200132372  6.511747
6526.52803421022  10.82121
6528.09406709673  11.24869
6529.66009998323  8.288238
6531.22613286974  7.906338
6532.79216575624  5.791277
6534.35819864275  5.954768
6535.92423152926  4.359022
6537.49026441576  8.84531
6539.05629730226  7.587336
6540.62233018877  2.234727
6542.18836307527  10.60141
6543.75439596178  14.68731
6545.32042884829  18.20823
6546.88646173479  13.48858
6548.45249462129  9.540606
6550.0185275078  14.13338
6551.58456039431  2.829871
6553.15059328081  4.175327
6554.71662616732  6.427555
6556.28265905382  7.365256
6557.84869194033  7.937084
6559.41472482683  8.770634
6560.98075771334  9.514129
6562.54679059984  5.197127
6564.11282348635  11.6078
6565.67885637285  10.45391
6567.24488925936  12.01892
6568.81092214586  10.1104
6570.37695503237  10.22936
6571.94298791887  8.033684
6573.50902080538  9.153955
6575.07505369188  4.678715
6576.64108657839  11.46286
6578.20711946489  7.962729
6579.7731523514  5.655586
6581.3391852379  8.938702
6582.90521812441  11.44736
6584.47125101091  6.903181
6586.03728389742  7.073845
6587.60331678392  7.746073
6589.16934967043  8.429034
6590.73538255693  7.998312
6592.30141544344  6.948255
6593.86744832994  12.55661
6595.43348121645  8.130797
6596.99951410296  10.56823
6598.56554698946  8.708334
6600.13157987596  9.168388
6601.69761276247  7.301124
6603.26364564898  6.031309
6604.82967853548  11.05706
6606.39571142198  10.8974
6607.96174430849  5.199602
6609.527777195  3.055099
6611.0938100815  8.590727
6612.65984296801  8.838268
6614.22587585451  9.213697
6615.79190874101  6.252561
6617.35794162752  6.097833
6618.92397451403  7.861804
6620.49000740053  9.305882
6622.05604028704  7.698827
6623.62207317354  6.821931
6625.18810606005  4.628135
6626.75413894655  5.260288
6628.32017183306  8.831072
6629.88620471956  2.559664
6631.45223760607  10.69496
6633.01827049257  7.467044
6634.58430337908  8.524729
6636.15033626558  5.501536
6637.71636915209  8.782272
6639.28240203859  9.350027
6640.8484349251  9.368606
6642.4144678116  9.651236
6643.98050069811  6.08966
6645.54653358461  10.25093
6647.11256647112  8.326513
6648.67859935762  10.78952
6650.24463224413  9.795343
6651.81066513063  5.674774
6653.37669801714  9.284883
6654.94273090364  10.58233
6656.50876379015  8.496599
6658.07479667665  6.248953
6659.64082956316  8.897223
6661.20686244967  4.752978
6662.77289533617  7.684954
6664.33892822268  7.084597
6665.90496110918  9.516062
6667.47099399568  13.53941
6669.03702688219  10.99891
6670.6030597687  8.030196
6672.1690926552  12.96107
6673.73512554171  12.68775
6675.30115842821  8.433305
6676.86719131472  11.12569
6678.43322420122  8.692284
6679.99925708773  6.460595
6681.56528997423  8.422625
6683.13132286074  7.210463
6684.69735574724  13.04801
6686.26338863375  12.87287
6687.82942152025  7.519537
6689.39545440676  7.360071
6690.96148729326  6.987557
6692.52752017977  11.46057
6694.09355306627  6.993908
6695.65958595278  9.256207
6697.22561883928  4.093139
6698.79165172579  9.268919
6700.35768461229  6.080496
6701.9237174988  5.935187
6703.4897503853  7.833817
6705.05578327181  5.50248
6706.62181615831  10.13108
6708.18784904482  10.79328
6709.75388193132  7.65699
6711.31991481783  9.794741
6712.88594770433  9.145018
6714.45198059084  9.886439
6716.01801347734  8.237109
6717.58404636385  8.51266
6719.15007925036  10.17554
6720.71611213686  7.323955
6722.28214502336  6.484614
6723.84817790987  10.8021
6725.41421079637  8.979437
6726.98024368288  7.412255
6728.54627656938  7.340919
6730.11230945589  11.88861
6731.6783423424  6.149396
6733.2443752289  7.709897
6734.81040811541  8.968968
6736.37644100191  10.83626
6737.94247388842  11.41933
6739.50850677492  10.11927
6741.07453966143  8.331228
6742.64057254793  13.46927
6744.20660543444  1.993646
6745.77263832094  4.821993
6747.33867120745  5.8325
6748.90470409395  6.040435
6750.47073698046  9.607994
6752.03676986696  6.553983
6753.60280275347  8.894009
6755.16883563997  6.761495
6756.73486852648  8.239016
6758.30090141298  12.86433
6759.86693429949  4.705553
6761.43296718599  10.12102
6762.9990000725  8.48022
6764.565032959  4.666733
6766.13106584551  6.165792
6767.69709873201  8.986472
6769.26313161852  7.420354
6770.82916450502  7.404087
6772.39519739153  8.134529
6773.96123027804  8.755512
6775.52726316454  10.805
6777.09329605104  7.079401
6778.65932893755  1.985177
6780.22536182405  6.348168
6781.79139471056  11.65393
6783.35742759707  9.613743
6784.92346048357  7.027633
6786.48949337008  10.81082
6788.05552625658  12.69204
6789.62155914309  7.66782
6791.18759202959  4.943059
6792.7536249161  7.341986
6794.3196578026  9.457988
6795.88569068911  7.831013
6797.45172357561  4.095758
6799.01775646212  7.014297
6800.58378934862  6.302016
6802.14982223513  4.691566
6803.71585512163  6.27188
6805.28188800814  13.38011
6806.84792089464  6.215693
6808.41395378115  4.380114
6809.97998666765  4.75621
6811.54601955416  8.978654
6813.11205244066  8.42521
6814.67808532717  4.198777
6816.24411821367  1.765064
6817.81015110018  9.046019
6819.37618398668  9.832992
6820.94221687319  9.54705
6822.50824975969  11.35506
6824.0742826462  8.150808
6825.6403155327  8.527235
6827.20634841921  9.559167
6828.77238130571  4.378264
6830.33841419222  4.287426
6831.90444707873  8.984926
6833.47047996523  9.675072
6835.03651285173  6.124784
6836.60254573824  11.21713
6838.16857862474  7.591187
6839.73461151125  6.12616
6841.30064439775  5.953389
6842.86667728426  8.321008
6844.43271017077  5.916811
6845.99874305727  9.653268
6847.56477594378  9.841955
6849.13080883028  6.238055
6850.69684171679  7.017327
6852.26287460329  7.283285
6853.8289074898  5.773989
6855.3949403763  3.193481
6856.96097326281  8.692515
6858.52700614931  7.305078
6860.09303903582  3.522494
6861.65907192232  6.361773
6863.22510480883  9.728025
6864.79113769533  5.838749
6866.35717058184  9.598106
6867.92320346834  6.182346
6869.48923635485  8.125151
6871.05526924135  4.39848
6872.62130212786  9.785124
6874.18733501436  8.404353
6875.75336790087  8.595816
6877.31940078737  9.550756
6878.88543367388  0.9178257
6880.45146656038  7.407645
6882.01749944689  10.75941
6883.58353233339  5.92697
6885.1495652199  9.130416
6886.7155981064  8.646199
6888.28163099291  9.661633
6889.84766387941  8.976881
6891.41369676592  4.993693
6892.97972965242  2.333901
6894.54576253893  7.802445
6896.11179542543  7.171735
6897.67782831194  9.633722
6899.24386119845  8.835362
6900.80989408495  3.257427
6902.37592697146  10.05228
6903.94195985796  7.359811
6905.50799274447  6.281765
6907.07402563097  9.801758
6908.64005851748  4.648265
6910.20609140398  8.484099
6911.77212429049  8.365748
6913.33815717699  8.872409
6914.9041900635  4.457561
6916.47022295  5.951352
6918.03625583651  4.072969
6919.60228872301  3.923441
6921.16832160952  10.51802
6922.73435449602  8.639439
6924.30038738253  8.074844
6925.86642026903  10.14343
6927.43245315554  10.42538
6928.99848604204  9.380523
6930.56451892855  10.86969
6932.13055181505  6.407326
6933.69658470156  8.977025
6935.26261758806  9.822262
6936.82865047457  8.062765
6938.39468336107  9.879
6939.96071624758  12.34315
6941.52674913408  11.68609
6943.09278202059  7.173724
6944.65881490709  14.51854
6946.2248477936  7.432734
6947.7908806801  9.047785
6949.35691356661  10.56915
6950.92294645311  7.267265
6952.48897933962  6.920849
6954.05501222612  9.167586
6955.62104511263  11.98164
6957.18707799913  4.435647
6958.75311088564  9.475474
6960.31914377215  14.65629
6961.88517665865  6.355162
6963.45120954515  6.431774
6965.01724243166  5.384694
6966.58327531817  10.15933
6968.14930820467  6.945763
6969.71534109118  9.808568
6971.28137397768  7.184036
6972.84740686419  9.811197
6974.41343975069  6.75487
6975.9794726372  8.918367
6977.5455055237  13.46155
6979.11153841021  10.46208
6980.67757129671  3.967292
6982.24360418322  11.00392
6983.80963706972  9.900443
6985.37566995623  9.8017
6986.94170284273  13.30666
6988.50773572924  9.331248
6990.07376861574  5.600569
6991.63980150225  4.294825
6993.20583438875  10.25159
6994.77186727526  9.363833
6996.33790016176  9.320236
6997.90393304827  4.350515
6999.46996593477  11.56111
7001.03599882128  12.87283
7002.60203170778  11.01299
7004.16806459429  7.468739
7005.7340974808  9.249137
7007.3001303673  13.07833
7008.8661632538  11.40243
7010.43219614031  6.94796
7011.99822902682  7.055727
7013.56426191332  15.6926
7015.13029479983  10.68744
7016.69632768633  8.095198
7018.26236057284  6.141085
7019.82839345934  9.215094
7021.39442634585  7.869102
7022.96045923235  6.282202
7024.52649211885  3.563032
7026.09252500536  12.355
7027.65855789187  5.139486
7029.22459077837  10.50106
7030.79062366488  6.693857
7032.35665655138  13.53297
7033.92268943789  7.053419
7035.48872232439  11.97639
7037.0547552109  11.73248
7038.6207880974  4.335482
7040.18682098391  7.150776
7041.75285387041  10.55462
7043.31888675692  4.197639
7044.88491964342  6.880602
7046.45095252993  4.115641
7048.01698541643  12.58843
7049.58301830294  14.23752
7051.14905118944  17.18628
7052.71508407595  14.47138
7054.28111696245  9.301291
7055.84714984896  1.783037
7057.41318273546  6.794106
7058.97921562197  9.744463
7060.54524850847  15.09571
7062.11128139498  10.12975
7063.67731428148  3.03854
7065.24334716799  12.42085
7066.80938005449  12.98729
7068.375412941  16.64931
7069.94144582751  6.936771
7071.50747871401  9.281393
7073.07351160052  7.611231
7074.63954448702  15.23318
7076.20557737352  12.30798
7077.77161026003  10.78705
7079.33764314654  7.55257
7080.90367603304  6.569984
7082.46970891955  18.38558
7084.03574180605  11.831
7085.60177469256  11.94143
7087.16780757906  -1.524363
7088.73384046557  9.351854
7090.29987335207  15.57266
7091.86590623858  3.709854
7093.43193912508  10.97108
7094.99797201159  11.68865
7096.56400489809  6.047985
7098.1300377846  17.35187
7099.6960706711  18.67794
7101.26210355761  13.86629
7102.82813644411  0.8277397
7104.39416933062  6.933899
7105.96020221712  15.26737
7107.52623510363  16.72218
7109.09226799013  8.004002
7110.65830087664  13.43314
7112.22433376314  12.2253
7113.79036664965  9.538397
7115.35639953615  3.897879
7116.92243242266  11.57035
7118.48846530916  13.11936
7120.05449819567  8.783949
7121.62053108217  16.73555
7123.18656396868  17.94005
7124.75259685518  12.55515
7126.31862974169  11.76477
7127.88466262819  8.746761
7129.4506955147  14.86321
7131.0167284012  11.96426
7132.58276128771  14.80254
7134.14879417421  23.1158
7135.71482706072  10.32142
7137.28085994723  10.28954
7138.84689283373  13.94561
7140.41292572024  21.47639
7141.97895860674  14.28418
7143.54499149325  10.36135
7145.11102437975  17.64407
7146.67705726626  20.11615
7148.24309015276  12.12553
7149.80912303927  20.17706
7151.37515592577  19.91868
7152.94118881228  13.4343
7154.50722169878  24.98114
7156.07325458529  6.740988
7157.63928747179  21.38167
7159.2053203583  18.06074
7160.7713532448  15.46501
7162.33738613131  18.93035
7163.90341901781  15.28914
7165.46945190432  14.73012
7167.03548479082  18.97747
7168.60151767733  21.65446
7170.16755056383  12.70032
7171.73358345034  20.49129
7173.29961633684  23.1341
7174.86564922335  13.68019
7176.43168210985  17.20035
7177.99771499636  14.97489
7179.56374788286  12.50574
7181.12978076937  20.02817
7182.69581365587  22.95777
7184.26184654238  12.40849
7185.82787942888  21.37234
7187.39391231539  11.90554
7188.95994520189  21.07543
7190.5259780884  19.08982
7192.09201097491  24.90632
7193.65804386141  25.81129
7195.22407674792  20.18941
7196.79010963442  28.05
7198.35614252092  15.64145
7199.92217540743  19.55691
7201.48820829394  23.88139
7203.05424118044  24.40796
7204.62027406694  15.82987
7206.18630695345  29.61372
7207.75233983996  22.50459
7209.31837272646  26.50187
7210.88440561297  30.33991
7212.45043849947  30.33345
7214.01647138598  23.49766
7215.58250427248  28.68698
7217.14853715899  31.76866
7218.71457004549  23.91955
7220.280602932  25.61292
7221.8466358185  25.58955
7223.41266870501  35.86616
7224.97870159151  28.08383
7226.54473447802  34.53209
7228.11076736452  30.93663
7229.67680025103  30.69744
7231.24283313753  28.95715
7232.80886602404  32.76399
7234.37489891054  34.65859
7235.94093179705  35.35085
7237.50696468355  30.99114
7239.07299757006  28.11903
7240.63903045656  26.2832
7242.20506334307  30.49424
7243.77109622957  33.52
7245.33712911608  40.74963
7246.90316200259  33.73685
7248.46919488909  33.54039
7250.03522777559  48.5144
7251.6012606621  50.49714
7253.16729354861  57.60495
7254.73332643511  45.89906
7256.29935932161  53.82447
7257.86539220812  46.7991
7259.43142509462  32.33176
7260.99745798113  48.78563
7262.56349086764  44.00837
7264.12952375414  51.58364
7265.69555664065  51.30931
7267.26158952715  69.84602
7268.82762241366  62.95341
7270.39365530016  67.92342
7271.95968818667  61.99768
7273.52572107317  61.81386
7275.09175395968  64.09708
7276.65778684618  69.79388
7278.22381973269  70.22733
7279.78985261919  90.59229
7281.3558855057  92.36024
7282.9219183922  80.11943
7284.48795127871  86.12202
7286.05398416521  98.00684
7287.62001705172  90.83803
7289.18604993822  79.97081
7290.75208282473  116.5191
7292.31811571123  110.2935
7293.88414859774  108.9904
7295.45018148424  136.0412
7297.01621437075  123.8061
7298.58224725725  130.6442
7300.14828014376  133.3834
7301.71431303026  148.3841
7303.28034591677  136.4285
7304.84637880328  137.3602
7306.41241168978  143.8712
7307.97844457628  162.3693
7309.54447746279  145.8334
7311.1105103493  173.7314
7312.6765432358  155.1354
7314.24257612231  129.0335
7315.80860900881  152.5139
7317.37464189532  157.4464
7318.94067478182  160.8119
7320.50670766833  151.1654
7322.07274055483  197.7948
7323.63877344134  151.1045
7325.20480632784  172.9262
7326.77083921435  203.2768
7328.33687210085  166.5577
7329.90290498736  122.3007
7331.46893787386  212.4352
7333.03497076037  262.4922
7334.60100364687  147.0919
7336.16703653338  156.0129
7337.73306941988  184.9672
7339.29910230639  190.3626
7340.86513519289  171.9353
7342.4311680794  198.5624
7343.9972009659  177.0213
7345.56323385241  146.9033
7347.12926673891  155.6185
7348.69529962542  225.4158
7350.26133251192  181.7016
7351.82736539843  216.9981
7353.39339828493  143.8725
7354.95943117144  60.0593
7356.52546405794  50.03622
7358.09149694445  104.5811
7359.65752983095  92.04456
7361.22356271746  191.2653
7362.78959560396  122.474
7364.35562849047  63.32175
7365.92166137698  125.7866
7367.48769426348  94.37231
7369.05372714998  201.7325
7370.61976003649  151.3936
7372.18579292299  103.8871
7373.7518258095  143.3322
7375.317858696  134.4357
7376.88389158251  97.75522
7378.44992446902  113.1174
7380.01595735552  56.86951
7381.58199024203  43.60565
7383.14802312853  184.2805
7384.71405601504  247.8939
7386.28008890154  -37.40604
7387.84612178805  116.2151
7389.41215467455  138.9705
7390.97818756106  26.33478
7392.54422044756  -14.24512
7394.11025333407  39.87067
7395.67628622057  65.74628
7397.24231910708  147.9965
7398.80835199358  -0.3538513
7400.37438488009  135.3388
7401.94041776659  88.33862
7403.5064506531  209.8788
7405.0724835396  67.6503
7406.63851642611  113.4532
7408.20454931261  86.92548
7409.77058219912  136.9402
7411.33661508562  113.6682
7412.90264797213  102.4659
7414.46868085863  97.76523
7416.03471374514  133.4778
7417.60074663164  128.3692
7419.16677951815  56.31049
7420.73281240465  15.6441
7422.29884529116  109.4563
7423.86487817766  219.1572
7425.43091106417  104.789
7426.99694395067  151.6533
7428.56297683718  172.1269
7430.12900972368  44.23795
7431.69504261019  60.86554
7433.2610754967  -110.725
7434.8271083832  33.92719
7436.3931412697  145.2268
7437.95917415621  41.41422
7439.52520704272  52.69113
7441.09123992922  120.5875
7442.65727281573  157.9576
7444.22330570223  -17.56723
7445.78933858874  108.1258
7447.35537147524  42.02042
7448.92140436175  19.24579
7450.48743724825  142.9722
7452.05347013476  100.0418
7453.61950302126  87.03821
7455.18553590777  40.7572
7456.75156879427  39.10571
7458.31760168078  112.5488
7459.88363456728  -52.7355
7461.44966745379  98.33704
7463.01570034029  18.64798
7464.5817332268  24.58417
7466.1477661133  29.93805
7467.71379899981  12.13199
7469.27983188631  201.7484
7470.84586477282  83.10159
7472.41189765932  27.26257
7473.97793054583  30.66772
7475.54396343233  -2.954559
7477.10999631884  134.5755
7478.67602920534  -1.989929
7480.24206209185  89.45966
7481.80809497835  50.1044
7483.37412786486  58.81061
7484.94016075136  168.9588
7486.50619363787  39.68906
7488.07222652438  61.47827
7489.63825941088  38.09763
7491.20429229738  79.9725
7492.77032518389  167.9999
7494.3363580704  37.25494
7495.9023909569  23.89218
7497.4684238434  -46.97064
7499.03445672991  22.18488
7500.60048961642  132.209
7502.16652250292  4.699646
7503.73255538942  9.462036
7505.29858827593  40.60898
7506.86462116244  18.90222
7508.43065404894  -18.26514
7509.99668693545  6.20108
7511.56271982195  -60.66348
7513.12875270846  39.59015
7514.69478559496  70.46631
7516.26081848147  67.55493
7517.82685136797  8.704102
7519.39288425448  2.868927
7520.95891714098  61.02151
7522.52495002749  35.32083
7524.09098291399  67.07465
7525.6570158005  21.68979
7527.223048687  -1.430298
7528.78908157351  49.65051
7530.35511446001  15.76181
7531.92114734652  27.48523
7533.48718023302  27.20679
7535.05321311953  6.996368
7536.61924600603  20.78073
7538.18527889254  92.52222
7539.75131177904  52.03848
7541.31734466555  24.4798
7542.88337755205  73.38272
7544.44941043856  35.2686
7546.01544332507  33.10262
7547.58147621157  93.32156
7549.14750909807  8.701447
7550.71354198458  46.92549
7552.27957487109  68.505
7553.84560775759  64.8441
7555.4116406441  61.14861
7556.9776735306  17.57166
7558.54370641711  49.39105
7560.10973930361  35.61105
7561.67577219012  27.46344
7563.24180507662  55.2372
7564.80783796313  19.98981
7566.37387084963  19.69969
7567.93990373614  81.13452
7569.50593662264  58.87424
7571.07196950915  25.31326
7572.63800239565  28.07317
7574.20403528216  109.582
7575.77006816866  136.761
7577.33610105517  26.65283
7578.90213394167  40.62935
7580.46816682818  59.48422
7582.03419971468  26.3205
7583.60023260119  22.98407
7585.16626548769  -4.306366
7586.7322983742  51.09776
7588.2983312607  -11.37012
7589.86436414721  15.82965
7591.43039703371  90.96379
7592.99642992022  115.1326
7594.56246280672  80.76964
7596.12849569323  -37.50482
7597.69452857974  30.19327
7599.26056146624  74.84904
7600.82659435274  133.903
7602.39262723925  42.04626
7603.95866012575  -36.3
7605.52469301226  61.21109
7607.09072589876  44.25429
7608.65675878527  17.34435
7610.22279167177  14.29779
7611.78882455828  69.08488
7613.35485744479  101.707
7614.92089033129  -6.525299
7616.4869232178  -2.685867
7618.0529561043  -14.66568
7619.61898899081  24.436
7621.18502187731  94.24413
7622.75105476382  55.98328
7624.31708765032  7.056946
7625.88312053683  15.20932
7627.44915342333  7.196991
7629.01518630984  5.744522
7630.58121919634  -64.08347
7632.14725208285  -27.53639
7633.71328496935  64.97943
7635.27931785586  35.1411
7636.84535074236  59.58464
7638.41138362887  25.54828
7639.97741651537  55.33121
7641.54344940188  20.25504
7643.10948228838  3.345673
7644.67551517489  54.21147
7646.24154806139  52.8017
7647.8075809479  50.64217
7649.3736138344  39.41792
7650.93964672091  -36.88841
7652.50567960741  41.49152
7654.07171249392  21.60318
7655.63774538042  -2.010132
7657.20377826693  54.36885
7658.76981115343  38.35414
7660.33584403994  -24.01375
7661.90187692645  12.679
7663.46790981295  -7.720535
7665.03394269945  1.690887
7666.59997558596  3.224548
7668.16600847247  2.015808
7669.73204135897  18.23851
7671.29807424548  -3.498718
7672.86410713198  0.684021
7674.43014001848  64.97784
7675.99617290499  -32.86301
7677.56220579149  -19.11839
7679.128238678  -9.069595
7680.69427156451  46.75293
7682.26030445101  -3.214386
7683.82633733752  4.416275
7685.39237022402  9.105545
7686.95840311053  12.95214
7688.52443599703  45.47055
7690.09046888354  -21.63611
7691.65650177004  -3.001068
7693.22253465655  56.27761
7694.78856754305  67.22831
7696.35460042956  -13.24935
7697.92063331606  6.268417
7699.48666620257  27.47038
7701.05269908907  17.04324
7702.61873197558  11.3796
7704.18476486208  -15.99165
7705.75079774859  -9.09745
7707.31683063509  25.74018
7708.8828635216  -3.009575
7710.4488964081  32.32848
7712.01492929461  17.31437
7713.58096218111  -12.39236
7715.14699506762  -31.2998
7716.71302795412  54.70255
7718.27906084063  50.43462
7719.84509372713  -4.41153
7721.41112661364  10.96288
7722.97715950014  -26.76456
7724.54319238665  21.9128
7726.10922527316  -7.339958
7727.67525815966  -7.556984
7729.24129104617  33.6805
7730.80732393267  29.94059
7732.37335681917  17.47398
7733.93938970568  27.20361
7735.50542259219  -24.5056
7737.07145547869  -15.82558
7738.6374883652  -1.198036
7740.2035212517  -33.51079
7741.76955413821  -14.70257
7743.33558702471  5.348587
7744.90161991122  -6.509102
7746.46765279772  19.55343
7748.03368568423  -24.31216
7749.59971857073  23.27011
7751.16575145724  12.73754
7752.73178434374  -2.106949
7754.29781723025  7.768585
7755.86385011675  -18.15367
7757.42988300326  22.2991
7758.99591588976  23.88493
7760.56194877627  -8.487389
7762.12798166277  -9.943771
7763.69401454928  -18.07272
7765.26004743578  -0.2729874
7766.82608032229  -11.06685
7768.39211320879  13.89458
7769.9581460953  -1.607597
7771.5241789818  -19.22671
7773.09021186831  -2.804405
7774.65624475481  -19.56013
7776.22227764132  -14.94466
7777.78831052782  0.2714844
7779.35434341433  14.83669
7780.92037630083  -3.023918
7782.48640918734  -1.216217
7784.05244207384  5.429417
7785.61847496035  13.77517
7787.18450784685  9.903889
7788.75054073336  14.34642
7790.31657361986  19.95524
7791.88260650637  -15.80774
7793.44863939288  -2.199707
7795.01467227938  11.11717
7796.58070516589  8.634758
7798.14673805239  10.92868
7799.7127709389  1.278481
7801.2788038254  -5.885738
7802.84483671191  25.22162
7804.41086959841  7.760853
7805.97690248492  3.984833
7807.54293537142  21.43129
7809.10896825793  6.287891
7810.67500114443  6.730492
7812.24103403094  6.356686
7813.80706691744  -5.262535
7815.37309980395  6.865601
7816.93913269045  -7.176788
7818.50516557696  -11.33437
7820.07119846346  -3.041508
7821.63723134997  -3.538212
7823.20326423647  -6.356861
7824.76929712298  -3.544918
7826.33533000948  1.194107
7827.90136289599  20.26975
7829.46739578249  10.3442
7831.033428669  12.24014
7832.5994615555  8.438343
7834.16549444201  12.44683
7835.73152732851  0.4714928
7837.29756021502  -17.96144
7838.86359310152  2.543167
7840.42962598803  -3.938309
7841.99565887454  -4.554459
7843.56169176104  6.614067
7845.12772464755  6.135838
7846.69375753405  -5.177139
7848.25979042055  11.21116
7849.82582330706  13.98193
7851.39185619357  -3.995323
7852.95788908007  -6.189682
7854.52392196658  -5.440941
7856.08995485308  -6.512047
7857.65598773959  5.74966
7859.22202062609  2.964508
7860.7880535126  -1.19747
7862.3540863991  2.90296
7863.92011928561  1.993584
7865.48615217211  -8.881582
7867.05218505862  -1.073742
7868.61821794512  8.649689
7870.18425083163  16.68419
7871.75028371813  7.240229
7873.31631660464  1.239439
7874.88234949114  -0.6111526
7876.44838237765  3.288197
7878.01441526415  7.504871
7879.58044815066  2.559662
7881.14648103716  0.2933865
7882.71251392367  11.4892
7884.27854681017  1.363878
7885.84457969668  -1.230782
7887.41061258318  0.36343
7888.97664546969  -7.773476
7890.54267835619  4.278318
7892.1087112427  9.616001
7893.6747441292  3.279211
7895.24077701571  -3.202583
7896.80680990221  2.617661
7898.37284278872  9.871422
7899.93887567522  2.669355
7901.50490856173  -6.349363
7903.07094144824  5.520819
7904.63697433474  6.390587
7906.20300722125  1.966635
7907.76904010775  3.258062
7909.33507299426  9.895493
7910.90110588076  -6.620945
7912.46713876727  3.361431
7914.03317165377  3.041237
7915.59920454028  3.553665
7917.16523742678  4.904678
7918.73127031329  7.252039
7920.29730319979  0.8980846
7921.8633360863  -3.526423
7923.4293689728  1.904308
7924.99540185931  4.091459
7926.56143474581  7.383718
7928.12746763232  6.144728
7929.69350051882  -5.737627
7931.25953340533  -2.254551
7932.82556629183  2.064554
7934.39159917834  -4.620958
7935.95763206484  -5.154617
7937.52366495135  -0.3353901
7939.08969783785  1.729683
7940.65573072436  -3.350611
7942.22176361086  4.873594
7943.78779649737  8.484241
7945.35382938387  1.601572
7946.91986227038  -1.710293
7948.48589515688  -4.415627
7950.05192804339  -5.914831
7951.61796092989  2.880096E-4
7953.1839938164  -3.283205
7954.7500267029  -0.9571686
7956.31605958941  -2.453054
7957.88209247591  5.381536
7959.44812536242  0.2175827
7961.01415824893  7.416632
7962.58019113543  0.4891758
7964.14622402193  1.486151
7965.71225690844  0.680439
7967.27828979495  -7.499023
7968.84432268145  15.47469
7970.41035556796  7.486113
7971.97638845446  8.237129
7973.54242134097  -1.738369
