4058.69580078125  0.3411465
4060.26156020165  6.241104
4061.82731962204  6.681238
4063.39307904244  12.18821
4064.95883846283  -6.725677
4066.52459788323  2.955593
4068.09035730362  5.166992
4069.65611672402  -1.978149
4071.22187614441  0.403801
4072.78763556481  -0.9404812
4074.3533949852  8.416973
4075.9191544056  -14.15329
4077.48491382599  14.73348
4079.05067324639  3.668438
4080.61643266678  0.7374783
4082.18219208718  12.38058
4083.74795150757  -6.519257
4085.31371092797  0.8437996
4086.87947034836  3.55349
4088.44522976876  -0.2461681
4090.01098918915  2.670815
4091.57674860955  0.5500431
4093.14250802994  -9.574669
4094.70826745034  2.970638
4096.27402687073  1.84444
4097.83978629113  8.168991
4099.40554571152  3.340578
4100.97130513192  2.144218
4102.53706455231  15.54612
4104.10282397271  7.724577
4105.6685833931  1.026047
4107.2343428135  8.626951
4108.80010223389  -3.604414
4110.36586165429  -12.71895
4111.93162107468  -3.410557
4113.49738049508  2.234625
4115.06313991547  -10.1895
4116.62889933587  16.84099
4118.19465875626  5.478319
4119.76041817666  4.214922
4121.32617759705  8.530155
4122.89193701744  -1.653793
4124.45769643784  4.835697
4126.02345585824  6.690626
4127.58921527863  -2.431414
4129.15497469903  0.2686787
4130.72073411942  -9.95306
4132.28649353982  4.953156
4133.85225296021  3.013218
4135.4180123806  5.715427
4136.983771801  3.712193
4138.54953122139  6.686998
4140.11529064179  2.924938
4141.68105006218  8.787357
4143.24680948258  7.792189
4144.81256890297  9.186481
4146.37832832337  3.923836
4147.94408774376  1.357948
4149.50984716416  4.169603
4151.07560658455  -4.364012
4152.64136600495  2.410069
4154.20712542534  7.159611
4155.77288484574  8.866636
4157.33864426613  2.275673
4158.90440368653  10.49218
4160.47016310692  8.474003
4162.03592252732  2.015385
4163.60168194771  9.327522
4165.16744136811  1.789568
4166.7332007885  -0.1840963
4168.2989602089  6.95067
4169.86471962929  7.966667
4171.43047904969  4.916838
4172.99623847008  7.144157
4174.56199789048  2.022816
4176.12775731087  3.810524
4177.69351673127  6.135258
4179.25927615166  8.185621
4180.82503557206  10.20864
4182.39079499245  5.555445
4183.95655441285  8.408536
4185.52231383324  3.78158
4187.08807325364  1.373632
4188.65383267403  6.038269
4190.21959209443  6.146377
4191.78535151482  2.30401
4193.35111093522  1.235561
4194.91687035561  -0.6588173
4196.482629776  3.953328
4198.0483891964  0.2109976
4199.6141486168  -2.398327
4201.17990803719  -3.976152
4202.74566745759  -0.3355122
4204.31142687798  3.637503
4205.87718629838  6.58287
4207.44294571877  1.584004
4209.00870513916  2.244044
4210.57446455956  9.855005
4212.14022397996  4.008598
4213.70598340035  3.297369
4215.27174282074  -1.92553
4216.83750224114  -0.6537542
4218.40326166153  -1.420722
4219.96902108193  2.811597
4221.53478050233  0.683939
4223.10053992272  -0.3841267
4224.66629934311  0.02260208
4226.23205876351  -0.5829535
4227.7978181839  1.951487
4229.3635776043  2.7439
4230.92933702469  1.183272
4232.49509644509  3.810872
4234.06085586548  8.368372
4235.62661528588  2.421206
4237.19237470627  1.088103
4238.75813412667  0.3597288
4240.32389354706  1.852534
4241.88965296746  2.807132
4243.45541238785  0.8381805
4245.02117180825  -0.9496231
4246.58693122864  -1.240214
4248.15269064904  -1.422507
4249.71845006943  -0.8507977
4251.28420948983  4.129152
4252.84996891022  2.479659
4254.41572833062  4.499294
4255.98148775101  5.998779
4257.54724717141  -1.081347
4259.1130065918  -0.5522928
4260.6787660122  0.888494
4262.24452543259  3.78825
4263.81028485299  5.304778
4265.37604427338  4.269454
4266.94180369378  0.9936209
4268.50756311417  -1.543765
4270.07332253457  -0.2950115
4271.63908195496  1.375776
4273.20484137536  2.162011
4274.77060079575  5.32364
4276.33636021615  1.111336
4277.90211963654  -1.40168
4279.46787905694  1.75326
4281.03363847733  -0.8083906
4282.59939789773  0.7390752
4284.16515731812  2.896126
4285.73091673852  2.257556
4287.29667615891  -0.5213022
4288.86243557931  0.7158351
4290.4281949997  4.09742
4291.99395442009  -2.491319
4293.55971384049  2.627635
4295.12547326089  1.022279
4296.69123268128  2.203502
4298.25699210167  3.793611
4299.82275152207  -0.9804277
4301.38851094246  1.406487
4302.95427036286  1.054046
4304.52002978325  2.885378
4306.08578920365  0.8758535
4307.65154862404  -1.945332
4309.21730804444  0.6846437
4310.78306746483  -0.5381155
4312.34882688523  0.3939805
4313.91458630562  -0.2217722
4315.48034572602  2.347676
4317.04610514641  -0.2237315
4318.61186456681  -0.9600005
4320.1776239872  1.728332
4321.7433834076  0.5507336
4323.30914282799  -0.301239
4324.87490224839  0.9609642
4326.44066166878  1.680198
4328.00642108918  0.8998766
4329.57218050957  1.093631
4331.13793992997  3.387681
4332.70369935036  -1.144092
4334.26945877076  -0.300684
4335.83521819115  0.326756
4337.40097761155  1.933396
4338.96673703194  2.64246
4340.53249645234  -1.243731
4342.09825587273  1.070441
4343.66401529313  0.07264328
4345.22977471352  0.1681433
4346.79553413392  1.060678
4348.36129355431  -0.2751093
4349.92705297471  -0.5239787
4351.4928123951  1.171811
4353.0585718155  1.46389
4354.62433123589  2.275253
4356.19009065629  1.950089
4357.75585007668  1.498096
4359.32160949708  0.6861029
4360.88736891747  -0.2761121
4362.45312833787  2.934952
4364.01888775826  2.099579
4365.58464717866  0.3069696
4367.15040659905  0.6667709
4368.71616601945  0.9597182
4370.28192543984  1.108994
4371.84768486024  1.632075
4373.41344428063  1.093516
4374.97920370102  2.926021
4376.54496312142  2.473279
4378.11072254181  0.7331045
4379.67648196221  -1.015465
4381.2422413826  -0.3232789
4382.808000803  1.327506
4384.37376022339  0.3506327
4385.93951964379  0.03728199
4387.50527906418  1.329772
4389.07103848458  -0.3619576
4390.63679790497  2.047448
4392.20255732537  1.760958
4393.76831674576  -0.6419249
4395.33407616616  2.271615
4396.89983558655  1.431561
4398.46559500695  -0.07997751
4400.03135442734  -0.2251081
4401.59711384774  1.023923
4403.16287326813  0.725378
4404.72863268853  1.346659
4406.29439210892  0.3723559
4407.86015152932  0.2832456
4409.42591094971  -1.171924
4410.99167037011  -0.2888646
4412.5574297905  2.10001
4414.1231892109  1.980057
4415.68894863129  1.91556
4417.25470805169  2.601853
4418.82046747208  0.2282467
4420.38622689248  -0.09120607
4421.95198631287  2.225225
4423.51774573327  2.15466
4425.08350515366  2.179223
4426.64926457406  0.9040072
4428.21502399445  0.9900537
4429.78078341485  0.3179631
4431.34654283524  3.287829
4432.91230225564  2.368442
4434.47806167603  1.332635
4436.04382109643  -0.4690666
4437.60958051682  2.529775
4439.17533993722  1.329869
4440.74109935761  1.86537
4442.30685877801  0.9059958
4443.8726181984  1.689745
4445.4383776188  2.968946
4447.00413703919  2.192533
4448.56989645958  1.490463
4450.13565587998  0.7245922
4451.70141530038  3.239976
4453.26717472077  1.294553
4454.83293414116  1.308099
4456.39869356156  2.904133
4457.96445298195  1.800337
4459.53021240235  1.70387
4461.09597182274  2.331819
4462.66173124314  1.260134
4464.22749066353  1.079942
4465.79325008393  5.664436
4467.35900950432  -1.105592
4468.92476892472  1.07226
4470.49052834511  2.764248
4472.05628776551  3.626094
4473.6220471859  2.957075
4475.1878066063  3.338781
4476.75356602669  1.158125
4478.31932544709  4.336634
4479.88508486748  1.828104
4481.45084428788  1.891401
4483.01660370827  0.5187354
4484.58236312867  2.185014
4486.14812254906  3.907207
4487.71388196946  -0.427731
4489.27964138985  0.4212828
4490.84540081025  0.9089394
4492.41116023064  3.955664
4493.97691965104  4.336033
4495.54267907143  -0.8119144
4497.10843849183  2.798447
4498.67419791222  0.7045655
4500.23995733262  0.5423231
4501.80571675301  2.634788
4503.37147617341  2.959337
4504.9372355938  -0.7147269
4506.5029950142  3.224095
4508.06875443459  4.778474
4509.63451385499  5.404009
4511.20027327538  3.840428
4512.76603269578  1.083138
4514.33179211617  1.191941
4515.89755153657  6.470678
4517.46331095696  2.85617
4519.02907037736  1.634532
4520.59482979775  1.722786
4522.16058921815  2.950099
4523.72634863854  0.9786444
4525.29210805894  5.449702
4526.85786747933  3.664926
4528.42362689973  0.7642174
4529.98938632012  2.289024
4531.55514574052  3.130335
4533.12090516091  4.435181
4534.68666458131  2.166059
4536.2524240017  1.724602
4537.81818342209  -0.3059888
4539.38394284249  4.938662
4540.94970226288  7.951088
4542.51546168328  0.8179941
4544.08122110367  1.55198
4545.64698052407  5.248539
4547.21273994447  0.5342226
4548.77849936486  1.754237
4550.34425878525  -0.23106
4551.91001820565  5.349996
4553.47577762604  1.936845
4555.04153704644  3.353297
4556.60729646683  7.014017
4558.17305588723  -0.1691561
4559.73881530762  5.65467
4561.30457472802  5.943865
4562.87033414841  0.6934204
4564.43609356881  5.784496
4566.0018529892  5.506591
4567.5676124096  7.514791
4569.13337182999  9.292709
4570.69913125039  0.7014227
4572.26489067078  3.218842
4573.83065009118  5.199543
4575.39640951157  3.944497
4576.96216893197  1.852936
4578.52792835236  1.951711
4580.09368777276  6.299696
4581.65944719315  2.452813
4583.22520661355  -1.874599
4584.79096603394  6.942631
4586.35672545434  2.653007
4587.92248487473  1.968034
4589.48824429513  -1.340972
4591.05400371552  4.229951
4592.61976313592  5.284083
4594.18552255631  5.462531
4595.75128197671  2.641335
4597.3170413971  3.015627
4598.8828008175  5.439998
4600.44856023789  3.876945
4602.01431965829  6.836942
4603.58007907868  -1.999494
4605.14583849908  2.892315
4606.71159791947  7.655179
4608.27735733987  1.629046
4609.84311676026  2.303484
4611.40887618065  1.263807
4612.97463560105  4.091128
4614.54039502144  3.824163
4616.10615444184  0.3262787
4617.67191386223  3.438032
4619.23767328263  -1.001601
4620.80343270303  -1.800894
4622.36919212342  8.055912
4623.93495154381  1.502061
4625.50071096421  -2.378901
4627.0664703846  3.361775
4628.632229805  4.259439
4630.19798922539  1.059767
4631.76374864579  4.985928
4633.32950806618  8.901607
4634.89526748658  6.200633
4636.46102690697  0.2378416
4638.02678632737  3.550987
4639.59254574776  5.851666
4641.15830516816  8.817024
4642.72406458855  9.246468
4644.28982400895  6.560946
4645.85558342934  1.232443
4647.42134284974  5.165762
4648.98710227013  9.02081
4650.55286169053  -0.6007605
4652.11862111092  -0.5500689
4653.68438053132  2.981978
4655.25013995171  6.420597
4656.81589937211  1.680094
4658.3816587925  8.184454
4659.9474182129  11.62647
4661.51317763329  6.188652
4663.07893705369  0.07585716
4664.64469647408  -5.664017
4666.21045589448  6.612255
4667.77621531487  8.743731
4669.34197473527  2.56934
4670.90773415566  -0.3291016
4672.47349357606  -0.86553
4674.03925299645  5.820608
4675.60501241685  3.107922
4677.17077183724  7.403477
4678.73653125764  1.502337
4680.30229067803  0.1790323
4681.86805009843  8.897586
4683.43380951882  7.770017
4684.99956893922  4.9287
4686.56532835961  3.917953
4688.13108778001  5.984449
4689.6968472004  -2.642032
4691.26260662079  6.821546
4692.82836604119  3.815431
4694.39412546158  10.53591
4695.95988488198  3.389017
4697.52564430237  3.957544
4699.09140372277  -4.015863
4700.65716314316  5.700982
4702.22292256356  5.059284
4703.78868198395  -0.6483822
4705.35444140435  -1.183884
4706.92020082474  3.613586
4708.48596024514  6.890965
4710.05171966553  -0.4787207
4711.61747908593  -1.340922
4713.18323850632  13.78529
4714.74899792672  1.502423
4716.31475734711  1.154973
4717.88051676751  14.28373
4719.4462761879  4.610571
4721.0120356083  6.507865
4722.57779502869  4.201526
4724.14355444909  9.707148
4725.70931386948  8.232335
4727.27507328988  12.08935
4728.84083271027  9.872375
4730.40659213067  2.417231
4731.97235155106  3.752836
4733.53811097146  14.89256
4735.10387039185  -1.818966
4736.66962981225  8.191976
4738.23538923264  9.503057
4739.80114865304  15.95797
4741.36690807343  4.399523
4742.93266749383  12.66185
4744.49842691422  9.700958
4746.06418633462  3.833653
4747.62994575501  7.180801
4749.19570517541  4.352086
4750.7614645958  0.1642971
4752.3272240162  5.242892
4753.89298343659  8.638326
4755.45874285699  9.087504
4757.02450227738  9.704523
4758.59026169778  10.04645
4760.15602111817  10.48681
4761.72178053857  7.003507
4763.28753995896  -0.7554111
4764.85329937936  1.134171
4766.41905879975  10.84807
4767.98481822014  6.794596
4769.55057764054  2.525705
4771.11633706093  3.995371
4772.68209648133  5.841498
4774.24785590172  6.330717
4775.81361532212  13.43786
4777.37937474251  -3.714483
4778.94513416291  3.918157
4780.5108935833  4.23576
4782.0766530037  5.175841
4783.64241242409  9.877669
4785.20817184449  7.712424
4786.77393126488  10.50887
4788.33969068528  10.51536
4789.90545010567  -3.801622
4791.47120952607  0.4164562
4793.03696894646  1.148001
4794.60272836686  13.18713
4796.16848778725  8.700697
4797.73424720765  0.8248453
4799.30000662804  1.42335
4800.86576604844  4.214934
4802.43152546883  15.80583
4803.99728488923  8.256445
4805.56304430962  5.900699
4807.12880373002  5.602812
4808.69456315041  4.814028
4810.26032257081  18.49937
4811.8260819912  11.46095
4813.3918414116  10.99464
4814.95760083199  4.031987
4816.52336025239  14.62176
4818.08911967278  9.937946
4819.65487909318  14.59866
4821.22063851357  7.030773
4822.78639793397  18.32514
4824.35215735436  16.03993
4825.91791677476  17.12775
4827.48367619515  22.38298
4829.04943561555  3.923689
4830.61519503594  9.624826
4832.18095445634  2.08946
4833.74671387673  8.761935
4835.31247329713  6.392891
4836.87823271752  4.271613
4838.44399213792  5.27486
4840.00975155831  10.24418
4841.57551097871  19.08048
4843.1412703991  15.14041
4844.7070298195  16.59907
4846.27278923989  23.05805
4847.83854866029  9.811121
4849.40430808068  3.059706
4850.97006750108  11.34562
4852.53582692147  14.69913
4854.10158634186  18.44617
4855.66734576226  12.495
4857.23310518266  11.87402
4858.79886460305  9.585795
4860.36462402344  17.46899
4861.93038344384  17.75055
4863.49614286423  17.80417
4865.06190228463  17.12336
4866.62766170502  21.69313
4868.19342112542  6.124958
4869.75918054582  1.176329
4871.32493996621  12.7721
4872.8906993866  6.164902
4874.456458807  10.14416
4876.02221822739  17.42571
4877.58797764779  10.66531
4879.15373706818  8.591984
4880.71949648858  7.318467
4882.28525590897  9.112698
4883.85101532937  0.03885651
4885.41677474976  8.620228
4886.98253417016  13.83426
4888.54829359055  8.943745
4890.11405301095  6.235611
4891.67981243134  9.728062
4893.24557185174  13.80897
4894.81133127213  18.58081
4896.37709069253  14.02682
4897.94285011292  13.30934
4899.50860953332  12.67157
4901.07436895371  11.18156
4902.64012837411  9.18774
4904.2058877945  11.91127
4905.7716472149  10.78801
4907.33740663529  7.281284
4908.90316605569  7.519493
4910.46892547608  16.98564
4912.03468489648  9.268138
4913.60044431687  2.669785
4915.16620373727  5.464897
4916.73196315766  8.335278
4918.29772257806  12.25616
4919.86348199845  11.75263
4921.42924141885  12.0436
4922.99500083924  15.57796
4924.56076025964  13.39665
4926.12651968003  22.61224
4927.69227910043  12.75656
4929.25803852082  3.892162
4930.82379794121  8.874601
4932.38955736161  16.31864
4933.955316782  8.824558
4935.5210762024  13.40596
4937.08683562279  13.0298
4938.65259504319  1.400763
4940.21835446358  5.638193
4941.78411388398  10.19732
4943.34987330438  7.654114
4944.91563272477  9.108011
4946.48139214516  9.770616
4948.04715156556  -0.9559879
4949.61291098595  7.227791
4951.17867040635  5.621171
4952.74442982674  16.07958
4954.31018924714  14.00112
4955.87594866753  -0.5644436
4957.44170808793  8.145594
4959.00746750832  4.863405
4960.57322692872  1.370932
4962.13898634911  11.8902
4963.70474576951  10.80383
4965.2705051899  8.809312
4966.8362646103  11.36978
4968.40202403069  8.404873
4969.96778345109  9.443925
4971.53354287148  1.67853
4973.09930229188  9.609491
4974.66506171227  10.61662
4976.23082113267  5.950405
4977.79658055306  -2.570192
4979.36233997346  -2.73284
4980.92809939385  15.18263
4982.49385881425  11.04771
4984.05961823464  8.158249
4985.62537765504  5.287933
4987.19113707543  3.753794
4988.75689649583  10.19627
4990.32265591622  14.07522
4991.88841533662  16.0318
4993.45417475701  6.502767
4995.01993417741  22.86489
4996.5856935978  18.88349
4998.1514530182  13.5436
4999.71721243859  14.52108
5001.28297185899  14.45951
5002.84873127938  20.75761
5004.41449069978  14.33644
5005.98025012017  8.517805
5007.54600954057  18.20574
5009.11176896096  15.54189
5010.67752838136  10.27079
5012.24328780175  12.59498
5013.80904722214  14.81889
5015.37480664254  14.00444
5016.94056606293  23.4703
5018.50632548333  14.59372
5020.07208490372  20.04686
5021.63784432412  10.09016
5023.20360374452  16.69477
5024.76936316491  25.43822
5026.3351225853  27.51403
5027.9008820057  21.2326
5029.46664142609  26.22015
5031.03240084649  21.11565
5032.59816026688  15.47357
5034.16391968728  19.60968
5035.72967910767  17.02808
5037.29543852807  22.59124
5038.86119794846  10.29917
5040.42695736886  22.61666
5041.99271678925  13.18548
5043.55847620965  14.83119
5045.12423563004  8.293286
5046.68999505044  12.61288
5048.25575447083  16.02027
5049.82151389123  18.69215
5051.38727331162  23.664
5052.95303273202  16.88283
5054.51879215241  9.749922
5056.08455157281  23.0558
5057.6503109932  20.8037
5059.2160704136  23.48034
5060.78182983399  19.53335
5062.34758925439  4.57196
5063.91334867478  9.566854
5065.47910809518  12.631
5067.04486751557  13.79205
5068.61062693597  11.90758
5070.17638635636  28.65991
5071.74214577676  12.70591
5073.30790519715  20.07248
5074.87366461755  16.60093
5076.43942403794  11.79697
5078.00518345834  13.87578
5079.57094287873  8.129458
5081.13670229913  7.43029
5082.70246171952  16.46885
5084.26822113992  9.814147
5085.83398056031  21.05907
5087.39973998071  15.72572
5088.9654994011  11.44931
5090.5312588215  14.75912
5092.09701824189  22.26856
5093.66277766229  12.51186
5095.22853708268  8.676728
5096.79429650307  10.25098
5098.36005592347  12.50652
5099.92581534386  11.70578
5101.49157476426  16.0383
5103.05733418465  7.762847
5104.62309360505  11.0675
5106.18885302544  9.286467
5107.75461244584  7.791773
5109.32037186623  4.487656
5110.88613128663  4.899259
5112.45189070702  10.98424
5114.01765012742  9.156692
5115.58340954781  6.431627
5117.14916896821  18.2302
5118.7149283886  -2.14336
5120.280687809  20.03157
5121.84644722939  10.00517
5123.41220664979  8.953363
5124.97796607018  10.98839
5126.54372549058  23.98661
5128.10948491097  16.40321
5129.67524433137  9.52918
5131.24100375176  22.75087
5132.80676317216  15.6733
5134.37252259255  19.98899
5135.93828201295  11.68517
5137.50404143334  18.01547
5139.06980085374  7.312641
5140.63556027413  13.87333
5142.20131969453  18.8258
5143.76707911492  14.4178
5145.33283853532  13.90792
5146.89859795571  8.456327
5148.46435737611  16.31167
5150.0301167965  25.98904
5151.5958762169  14.33504
5153.16163563729  17.08027
5154.72739505769  10.1861
5156.29315447808  14.85948
5157.85891389848  6.248045
5159.42467331887  27.61497
5160.99043273927  13.78554
5162.55619215966  7.757262
5164.12195158006  18.47246
5165.68771100045  12.40201
5167.25347042085  29.39594
5168.81922984124  17.18248
5170.38498926164  14.35271
5171.95074868203  14.634
5173.51650810243  7.273895
5175.08226752282  12.36155
5176.64802694321  26.78485
5178.21378636361  20.92638
5179.77954578401  25.16706
5181.3453052044  17.88984
5182.9110646248  16.41179
5184.47682404519  20.38119
5186.04258346558  16.05113
5187.60834288598  17.64175
5189.17410230637  21.0298
5190.73986172677  16.53327
5192.30562114716  31.78655
5193.87138056756  15.76512
5195.43713998795  22.38012
5197.00289940835  16.55539
5198.56865882874  12.49142
5200.13441824914  25.93144
5201.70017766953  17.93319
5203.26593708993  20.16312
5204.83169651032  19.52729
5206.39745593072  10.25004
5207.96321535111  25.44948
5209.52897477151  18.30239
5211.0947341919  16.85791
5212.6604936123  20.35231
5214.22625303269  17.93742
5215.79201245309  31.72801
5217.35777187348  22.80756
5218.92353129388  28.15713
5220.48929071427  22.40894
5222.05505013467  18.02808
5223.62080955506  12.99542
5225.18656897546  25.36614
5226.75232839585  16.06309
5228.31808781625  18.48172
5229.88384723664  27.96111
5231.44960665704  15.08541
5233.01536607743  24.98849
5234.58112549783  22.63005
5236.14688491822  23.6548
5237.71264433862  22.29198
5239.27840375901  11.66203
5240.84416317941  24.2831
5242.4099225998  19.95437
5243.9756820202  21.11476
5245.54144144059  6.961437
5247.10720086099  19.7632
5248.67296028138  18.73093
5250.23871970178  14.30121
5251.80447912217  25.57044
5253.37023854257  28.02061
5254.93599796296  21.74423
5256.50175738336  14.83581
5258.06751680375  20.75739
5259.63327622415  19.78417
5261.19903564454  23.23341
5262.76479506493  23.83566
5264.33055448533  18.81587
5265.89631390573  33.43707
5267.46207332612  18.3574
5269.02783274651  17.42167
5270.59359216691  27.97968
5272.1593515873  24.46517
5273.7251110077  11.12236
5275.29087042809  20.39552
5276.85662984849  14.73155
5278.42238926888  15.7269
5279.98814868928  22.82894
5281.55390810967  27.26036
5283.11966753007  20.04245
5284.68542695046  25.11318
5286.25118637086  27.18156
5287.81694579125  24.51309
5289.38270521165  29.91594
5290.94846463204  27.34482
5292.51422405244  21.84825
5294.07998347283  24.72953
5295.64574289323  18.61545
5297.21150231362  20.55021
5298.77726173402  18.96371
5300.34302115441  20.64806
5301.90878057481  24.45311
5303.4745399952  17.7289
5305.0402994156  20.72019
5306.60605883599  25.0244
5308.17181825639  21.48557
5309.73757767678  15.9069
5311.30333709718  15.44069
5312.86909651757  19.80578
5314.43485593797  18.7467
5316.00061535836  17.56762
5317.56637477876  17.61579
5319.13213419915  22.50595
5320.69789361955  27.80703
5322.26365303994  31.34182
5323.82941246034  23.66142
5325.39517188073  25.87078
5326.96093130113  22.78182
5328.52669072152  7.210503
5330.09245014192  14.97571
5331.65820956231  10.3791
5333.2239689827  18.87202
5334.7897284031  18.63139
5336.35548782349  13.16706
5337.92124724389  21.65849
5339.48700666428  15.38811
5341.05276608468  22.31075
5342.61852550508  29.73636
5344.18428492547  20.22257
5345.75004434587  27.27461
5347.31580376626  23.59891
5348.88156318665  31.46392
5350.44732260705  25.98895
5352.01308202744  23.31108
5353.57884144784  15.21116
5355.14460086823  24.96646
5356.71036028863  19.35234
5358.27611970902  20.83397
5359.84187912942  26.46881
5361.40763854981  26.55507
5362.97339797021  26.46386
5364.5391573906  28.77517
5366.104916811  16.19305
5367.67067623139  26.27642
5369.23643565179  17.86781
5370.80219507218  13.79963
5372.36795449258  22.48098
5373.93371391297  14.49646
5375.49947333337  23.30859
5377.06523275376  31.93258
5378.63099217416  16.82067
5380.19675159455  18.53968
5381.76251101495  18.36525
5383.32827043534  20.55806
5384.89402985574  24.142
5386.45978927613  23.53566
5388.02554869653  17.9967
5389.59130811692  18.98659
5391.15706753732  19.05864
5392.72282695771  26.78237
5394.28858637811  30.88464
5395.8543457985  24.153
5397.4201052189  16.61931
5398.98586463929  14.04414
5400.55162405969  18.53332
5402.11738348008  24.88359
5403.68314290048  24.82618
5405.24890232087  32.95248
5406.81466174127  35.59807
5408.38042116166  27.79722
5409.94618058206  17.95651
5411.51194000245  15.59679
5413.07769942285  21.64399
5414.64345884324  19.17189
5416.20921826364  22.25663
5417.77497768403  34.68248
5419.34073710442  17.97197
5420.90649652482  26.46169
5422.47225594521  27.78177
5424.03801536561  21.56513
5425.603774786  14.44431
5427.1695342064  24.36341
5428.73529362679  14.86313
5430.30105304719  14.69935
5431.86681246758  32.45786
5433.43257188798  28.99913
5434.99833130837  25.37429
5436.56409072877  9.894009
5438.12985014917  16.02794
5439.69560956956  23.64626
5441.26136898995  18.56143
5442.82712841035  23.35241
5444.39288783074  36.87925
5445.95864725114  20.749
5447.52440667153  19.53309
5449.09016609193  19.70307
5450.65592551232  16.19698
5452.22168493272  13.83913
5453.78744435311  21.44787
5455.35320377351  26.33398
5456.9189631939  21.65719
5458.4847226143  22.4974
5460.05048203469  17.01283
5461.61624145509  24.20676
5463.18200087548  28.29994
5464.74776029588  18.75192
5466.31351971627  14.2597
5467.87927913667  17.89981
5469.44503855706  21.11323
5471.01079797746  21.32698
5472.57655739785  25.96275
5474.14231681825  18.65027
5475.70807623864  18.56413
5477.27383565904  19.40605
5478.83959507943  25.22452
5480.40535449983  14.87903
5481.97111392022  13.20757
5483.53687334062  11.94418
5485.10263276101  20.53109
5486.66839218141  21.04983
5488.2341516018  25.05899
5489.7999110222  18.01424
5491.36567044259  20.25115
5492.93142986299  22.70269
5494.49718928338  28.69415
5496.06294870378  18.76912
5497.62870812417  17.88833
5499.19446754456  29.84856
5500.76022696496  25.56407
5502.32598638536  30.81838
5503.89174580575  25.72835
5505.45750522615  26.07463
5507.02326464654  13.84
5508.58902406693  15.59378
5510.15478348733  19.11313
5511.72054290772  22.53007
5513.28630232812  25.65393
5514.85206174851  26.86612
5516.41782116891  29.01845
5517.9835805893  19.64472
5519.5493400097  25.75541
5521.11509943009  21.61376
5522.68085885049  22.75275
5524.24661827088  22.71161
5525.81237769128  32.21153
5527.37813711167  30.9796
5528.94389653207  23.33795
5530.50965595246  20.37296
5532.07541537286  26.6604
5533.64117479325  23.67378
5535.20693421365  26.80593
5536.77269363404  19.10577
5538.33845305444  25.80363
5539.90421247483  28.43109
5541.46997189523  14.85463
5543.03573131562  24.84845
5544.60149073602  16.49923
5546.16725015641  11.01114
5547.73300957681  22.68329
5549.2987689972  25.3019
5550.8645284176  23.47809
5552.43028783799  17.70669
5553.99604725839  25.30019
5555.56180667878  26.15155
5557.12756609918  18.29919
5558.69332551957  27.33478
5560.25908493997  32.2727
5561.82484436036  21.17969
5563.39060378076  23.23232
5564.95636320115  18.72706
5566.52212262154  22.5216
5568.08788204194  18.14474
5569.65364146233  28.82701
5571.21940088273  30.18688
5572.78516030313  31.14721
5574.35091972352  27.88387
5575.91667914391  15.05588
5577.48243856431  26.45605
5579.04819798471  -25.26218
5580.6139574051  19.62212
5582.1797168255  21.37519
5583.74547624589  21.35187
5585.31123566628  25.42768
5586.87699508668  24.18536
5588.44275450708  24.78186
5590.00851392747  12.04498
5591.57427334786  13.37194
5593.14003276826  25.12901
5594.70579218865  24.17004
5596.27155160905  17.24958
5597.83731102944  22.91064
5599.40307044984  23.78905
5600.96882987023  18.37066
5602.53458929063  25.6661
5604.10034871102  23.03239
5605.66610813142  23.67645
5607.23186755181  21.29797
5608.79762697221  25.36517
5610.3633863926  28.11412
5611.929145813  28.24431
5613.49490523339  41.54672
5615.06066465379  17.97141
5616.62642407418  23.56688
5618.19218349458  28.21198
5619.75794291497  29.0876
5621.32370233537  19.07892
5622.88946175576  32.03339
5624.45522117616  27.6987
5626.02098059655  25.17248
5627.58674001695  37.27886
5629.15249943734  22.1728
5630.71825885774  35.78403
5632.28401827813  31.7439
5633.84977769853  35.77162
5635.41553711892  41.9194
5636.98129653932  30.30321
5638.54705595971  35.42123
5640.11281538011  31.47136
5641.6785748005  41.82608
5643.2443342209  26.37113
5644.81009364129  32.90581
5646.37585306169  24.10586
5647.94161248208  31.08856
5649.50737190248  37.91301
5651.07313132287  27.05048
5652.63889074327  27.24501
5654.20465016366  33.24717
5655.77040958405  32.95356
5657.33616900445  33.68415
5658.90192842484  25.86853
5660.46768784524  24.01258
5662.03344726563  33.71085
5663.59920668603  31.60959
5665.16496610642  36.93846
5666.73072552682  23.66469
5668.29648494721  36.91481
5669.86224436761  30.784
5671.428003788  39.31301
5672.9937632084  36.3169
5674.55952262879  35.52824
5676.12528204919  41.19174
5677.69104146958  24.36195
5679.25680088998  29.65236
5680.82256031037  33.51201
5682.38831973077  34.787
5683.95407915116  32.2027
5685.51983857156  31.0253
5687.08559799195  30.5661
5688.65135741235  20.11032
5690.21711683274  36.16359
5691.78287625314  35.72253
5693.34863567353  23.39683
5694.91439509393  29.39287
5696.48015451432  22.35733
5698.04591393472  17.3928
5699.61167335511  32.27894
5701.17743277551  20.93294
5702.7431921959  22.52328
5704.3089516163  15.86076
5705.87471103669  23.4152
5707.44047045709  28.35216
5709.00622987748  26.45764
5710.57198929788  36.93242
5712.13774871827  32.32837
5713.70350813867  33.67225
5715.26926755906  31.59738
5716.83502697945  39.14595
5718.40078639985  25.11741
5719.96654582025  32.57161
5721.53230524064  31.44672
5723.09806466104  16.05756
5724.66382408143  24.08604
5726.22958350183  31.78115
5727.79534292222  38.86254
5729.36110234262  32.56418
5730.92686176301  34.82936
5732.4926211834  23.10601
5734.0583806038  27.14498
5735.6241400242  29.03685
5737.18989944459  28.85766
5738.75565886499  37.0125
5740.32141828538  32.95663
5741.88717770578  34.90844
5743.45293712617  34.10197
5745.01869654656  25.1884
5746.58445596696  40.30021
5748.15021538735  30.25931
5749.71597480775  40.54929
5751.28173422814  31.8221
5752.84749364854  29.19589
5754.41325306893  28.36356
5755.97901248933  23.02332
5757.54477190972  33.7429
5759.11053133012  28.25516
5760.67629075052  24.38768
5762.24205017091  26.41092
5763.8078095913  29.95838
5765.3735690117  25.30893
5766.93932843209  32.60408
5768.50508785249  26.89553
5770.07084727288  27.79305
5771.63660669328  32.40141
5773.20236611367  24.53926
5774.76812553407  22.60238
5776.33388495446  40.75339
5777.89964437486  39.88216
5779.46540379525  32.03307
5781.03116321565  32.73463
5782.59692263604  34.52724
5784.16268205644  23.26721
5785.72844147683  24.44607
5787.29420089723  25.99522
5788.85996031762  30.23238
5790.42571973802  33.73153
5791.99147915841  30.50534
5793.55723857881  42.30227
5795.1229979992  30.37442
5796.6887574196  30.24009
5798.25451683999  30.05328
5799.82027626039  27.40699
5801.38603568078  17.50198
5802.95179510118  36.58242
5804.51755452157  28.7358
5806.08331394197  28.54004
5807.64907336236  25.7818
5809.21483278276  31.41363
5810.78059220315  26.57511
5812.34635162354  30.31865
5813.91211104394  30.9702
5815.47787046434  35.691
5817.04362988473  35.58435
5818.60938930513  34.79741
5820.17514872552  40.03025
5821.74090814591  23.26282
5823.30666756631  35.70319
5824.87242698671  45.2379
5826.4381864071  28.6918
5828.0039458275  39.70897
5829.56970524789  39.93908
5831.13546466829  23.31541
5832.70122408868  42.64633
5834.26698350907  32.39799
5835.83274292947  32.52174
5837.39850234986  30.96897
5838.96426177026  28.6088
5840.53002119065  32.2583
5842.09578061105  19.563
5843.66154003144  24.50805
5845.22729945184  42.57214
5846.79305887223  37.15958
5848.35881829263  49.1311
5849.92457771302  41.15805
5851.49033713342  29.93985
5853.05609655381  31.62148
5854.62185597421  22.17544
5856.1876153946  38.55546
5857.753374815  44.65094
5859.31913423539  28.30988
5860.88489365579  53.25103
5862.45065307618  34.14818
5864.01641249658  26.8863
5865.58217191697  36.76397
5867.14793133737  35.51002
5868.71369075776  45.38421
5870.27945017816  47.33848
5871.84520959855  29.12529
5873.41096901895  28.88478
5874.97672843934  32.63484
5876.54248785974  27.40386
5878.10824728013  43.88944
5879.67400670053  43.10338
5881.23976612092  49.39291
5882.80552554132  44.31219
5884.37128496171  43.80911
5885.93704438211  27.7581
5887.5028038025  38.88485
5889.0685632229  23.44138
5890.63432264329  6.216476
5892.20008206368  15.36532
5893.76584148408  37.32738
5895.33160090448  25.79426
5896.89736032487  31.54193
5898.46311974526  21.37953
5900.02887916566  38.47091
5901.59463858605  36.59104
5903.16039800645  33.06353
5904.72615742684  38.47272
5906.29191684724  41.58292
5907.85767626763  39.70172
5909.42343568803  22.37292
5910.98919510842  43.09589
5912.55495452882  38.50945
5914.12071394921  33.70107
5915.68647336961  37.48778
5917.25223279  41.11761
5918.8179922104  27.59317
5920.38375163079  32.98981
5921.94951105119  21.27178
5923.51527047158  44.1762
5925.08102989198  31.48312
5926.64678931237  34.55922
5928.21254873277  45.06654
5929.77830815316  30.37117
5931.34406757356  34.83184
5932.90982699395  36.95334
5934.47558641435  31.75061
5936.04134583474  39.88985
5937.60710525514  39.53817
5939.17286467553  43.80732
5940.73862409593  37.43823
5942.30438351632  52.38506
5943.87014293672  47.69779
5945.43590235711  47.13894
5947.00166177751  47.69528
5948.5674211979  37.34734
5950.1331806183  36.90741
5951.69894003869  31.87517
5953.26469945909  42.0378
5954.83045887948  53.0641
5956.39621829988  34.63847
5957.96197772027  27.96167
5959.52773714067  46.28284
5961.09349656106  38.58668
5962.65925598146  28.12746
5964.22501540185  43.58654
5965.79077482225  34.21785
5967.35653424264  22.96961
5968.92229366304  53.46388
5970.48805308343  39.00012
5972.05381250383  32.99508
5973.61957192422  37.64204
5975.18533134462  32.02111
5976.75109076501  29.25132
5978.3168501854  26.46899
5979.8826096058  32.96149
5981.44836902619  38.12463
5983.01412844659  44.93321
5984.57988786698  36.00587
5986.14564728738  41.82238
5987.71140670777  51.44305
5989.27716612817  52.75363
5990.84292554856  38.33542
5992.40868496896  42.13911
5993.97444438935  34.5909
5995.54020380975  36.90195
5997.10596323014  43.70813
5998.67172265054  40.86048
6000.23748207093  23.7344
6001.80324149133  39.034
6003.36900091172  48.31913
6004.93476033212  30.85192
6006.50051975251  52.35276
6008.06627917291  36.97984
6009.6320385933  37.18377
6011.1977980137  48.33334
6012.76355743409  40.90185
6014.32931685449  37.00337
6015.89507627488  39.27445
6017.46083569528  50.80194
6019.02659511567  34.53813
6020.59235453607  47.43691
6022.15811395646  52.6657
6023.72387337686  31.43775
6025.28963279725  39.86092
6026.85539221765  36.8394
6028.42115163804  36.83477
6029.98691105844  39.76309
6031.55267047883  35.92048
6033.11842989923  41.95114
6034.68418931962  51.01231
6036.24994874002  39.10088
6037.81570816041  31.63147
6039.3814675808  37.16603
6040.9472270012  40.95371
6042.5129864216  33.08919
6044.07874584199  43.12975
6045.64450526239  37.83634
6047.21026468278  47.59222
6048.77602410318  41.63419
6050.34178352357  32.87561
6051.90754294397  38.59406
6053.47330236436  37.21201
6055.03906178476  36.89585
6056.60482120515  42.3168
6058.17058062555  38.14371
6059.73634004594  47.64086
6061.30209946634  31.38598
6062.86785888673  38.16547
6064.43361830713  32.31272
6065.99937772752  37.00761
6067.56513714792  24.83419
6069.13089656831  39.26112
6070.6966559887  29.17366
6072.2624154091  47.17357
6073.82817482949  50.18135
6075.39393424989  40.0121
6076.95969367028  46.85728
6078.52545309068  45.52122
6080.09121251107  43.82396
6081.65697193147  36.78323
6083.22273135186  43.66236
6084.78849077226  50.58867
6086.35425019265  43.01066
6087.92000961305  60.09254
6089.48576903344  33.56548
6091.05152845384  46.63229
6092.61728787423  47.16425
6094.18304729463  40.21463
6095.74880671502  37.12356
6097.31456613542  39.06015
6098.88032555581  40.084
6100.44608497621  60.42042
6102.0118443966  44.17521
6103.577603817  39.83283
6105.14336323739  39.29739
6106.70912265779  49.29939
6108.27488207818  45.23578
6109.84064149858  36.74874
6111.40640091897  48.25263
6112.97216033937  42.77708
6114.53791975976  43.48045
6116.10367918016  39.34566
6117.66943860055  38.25779
6119.23519802095  57.29589
6120.80095744134  44.05821
6122.36671686174  31.86263
6123.93247628213  42.76714
6125.49823570253  43.36813
6127.06399512292  44.15406
6128.62975454332  49.93927
6130.19551396371  30.52502
6131.76127338411  39.56522
6133.3270328045  42.44436
6134.89279222489  41.04071
6136.45855164529  58.19508
6138.02431106569  49.2801
6139.59007048608  45.0051
6141.15582990648  44.90675
6142.72158932687  44.19189
6144.28734874726  40.69044
6145.85310816766  47.21118
6147.41886758805  48.46045
6148.98462700845  45.10465
6150.55038642884  35.17018
6152.11614584924  49.62642
6153.68190526964  33.29414
6155.24766469003  49.68367
6156.81342411042  40.02921
6158.37918353082  63.17914
6159.94494295121  42.94575
6161.51070237161  55.81909
6163.076461792  32.43157
6164.6422212124  38.51395
6166.20798063279  49.00031
6167.77374005319  51.3878
6169.33949947358  39.7967
6170.90525889398  38.73743
6172.47101831437  52.96729
6174.03677773477  59.59243
6175.60253715516  52.5685
6177.16829657556  43.97759
6178.73405599595  44.61336
6180.29981541635  51.89083
6181.86557483674  30.1775
6183.43133425714  39.17609
6184.99709367753  50.49256
6186.56285309793  38.52084
6188.12861251832  54.43594
6189.69437193872  37.68479
6191.26013135911  40.28018
6192.82589077951  45.20923
6194.3916501999  41.52094
6195.9574096203  41.96642
6197.52316904069  35.75692
6199.08892846109  40.6539
6200.65468788148  37.17527
6202.22044730188  35.977
6203.78620672227  39.19585
6205.35196614267  44.56624
6206.91772556306  43.53271
6208.48348498346  41.75758
6210.04924440385  46.05506
6211.61500382425  50.32098
6213.18076324464  37.66357
6214.74652266503  39.0011
6216.31228208543  48.77749
6217.87804150583  45.84106
6219.44380092622  41.18747
6221.00956034661  43.59985
6222.57531976701  45.88375
6224.1410791874  51.88396
6225.7068386078  31.80853
6227.27259802819  55.7981
6228.83835744859  52.66812
6230.40411686898  35.68359
6231.96987628938  39.80865
6233.53563570977  49.58035
6235.10139513017  56.45256
6236.66715455056  33.90609
6238.23291397096  33.37602
6239.79867339135  35.13179
6241.36443281175  41.63718
6242.93019223214  41.82386
6244.49595165254  48.14442
6246.06171107293  49.73603
6247.62747049333  41.49185
6249.19322991372  37.38918
6250.75898933412  43.53608
6252.32474875451  42.75397
6253.89050817491  41.84612
6255.4562675953  50.54047
6257.0220270157  50.99774
6258.58778643609  59.55133
6260.15354585649  12.73029
6261.71930527688  31.33601
6263.28506469728  45.68107
6264.85082411767  37.90797
6266.41658353807  44.60117
6267.98234295846  56.21453
6269.54810237886  37.13035
6271.11386179925  45.47844
6272.67962121965  53.60439
6274.24538064004  51.7459
6275.81114006044  53.84135
6277.37689948083  60.74119
6278.94265890123  52.80185
6280.50841832162  63.75166
6282.07417774202  56.26429
6283.63993716241  51.64458
6285.20569658281  60.43017
6286.7714560032  45.20346
6288.3372154236  48.37093
6289.90297484399  58.11877
6291.46873426439  45.47868
6293.03449368478  52.86046
6294.60025310518  52.99769
6296.16601252557  54.36404
6297.73177194596  72.76415
6299.29753136636  63.50884
6300.86329078675  63.57722
6302.42905020715  52.57597
6303.99480962754  56.23723
6305.56056904794  64.76475
6307.12632846833  72.87569
6308.69208788873  75.19118
6310.25784730912  69.72014
6311.82360672952  60.54567
6313.38936614991  66.54327
6314.95512557031  74.15834
6316.5208849907  71.01344
6318.0866444111  54.39291
6319.65240383149  62.88012
6321.21816325189  46.84708
6322.78392267228  66.49516
6324.34968209268  70.5382
6325.91544151307  61.16514
6327.48120093347  43.08859
6329.04696035386  59.58956
6330.61271977426  64.16438
6332.17847919465  58.20424
6333.74423861505  69.65543
6335.30999803544  54.53746
6336.87575745584  69.05878
6338.44151687623  46.00884
6340.00727629663  58.69972
6341.57303571702  42.42608
6343.13879513742  46.51431
6344.70455455781  56.53181
6346.27031397821  51.55587
6347.8360733986  48.45668
6349.401832819  51.27435
6350.96759223939  47.1273
6352.53335165979  51.66007
6354.09911108018  49.04929
6355.66487050058  53.19042
6357.23062992097  53.79525
6358.79638934137  50.9703
6360.36214876176  38.14228
6361.92790818216  56.71251
6363.49366760255  49.45282
6365.05942702295  51.92529
6366.62518644334  46.31208
6368.19094586374  53.02358
6369.75670528413  46.48462
6371.32246470453  51.9425
6372.88822412492  45.60287
6374.45398354532  55.24161
6376.01974296571  43.57476
6377.58550238611  37.27603
6379.1512618065  51.15462
6380.7170212269  37.37911
6382.28278064729  43.65446
6383.84854006769  52.9961
6385.41429948808  51.14912
6386.98005890847  49.56038
6388.54581832887  44.35157
6390.11157774927  49.08385
6391.67733716966  44.83303
6393.24309659005  49.35243
6394.80885601045  35.90636
6396.37461543084  45.59394
6397.94037485124  43.27779
6399.50613427163  45.38533
6401.07189369203  44.91459
6402.63765311242  55.38493
6404.20341253282  36.21552
6405.76917195321  45.4705
6407.33493137361  35.59032
6408.900690794  51.48025
6410.4664502144  36.25565
6412.03220963479  40.69376
6413.59796905519  53.45544
6415.16372847558  44.82611
6416.72948789598  60.21395
6418.29524731637  45.92947
6419.86100673677  47.77366
6421.42676615716  38.43203
6422.99252557756  53.07626
6424.55828499795  37.16251
6426.12404441835  45.18152
6427.68980383874  56.24629
6429.25556325914  61.66417
6430.82132267953  39.94199
6432.38708209993  40.41206
6433.95284152032  47.12862
6435.51860094072  49.59398
6437.08436036111  57.19106
6438.65011978151  48.16174
6440.2158792019  55.01796
6441.7816386223  72.61147
6443.34739804269  70.37459
6444.91315746309  63.36536
6446.47891688348  60.77674
6448.04467630388  44.93411
6449.61043572427  45.97329
6451.17619514467  51.78275
6452.74195456506  39.27671
6454.30771398545  56.06551
6455.87347340585  43.59613
6457.43923282624  54.48098
6459.00499224664  43.55795
6460.57075166704  51.87892
6462.13651108743  49.72459
6463.70227050782  35.3131
6465.26802992822  43.04047
6466.83378934861  36.92466
6468.39954876901  32.82405
6469.9653081894  53.71006
6471.5310676098  39.65131
6473.09682703019  35.75768
6474.66258645059  36.70036
6476.22834587099  48.22103
6477.79410529138  42.30269
6479.35986471177  39.28316
6480.92562413217  35.95309
6482.49138355256  34.83615
6484.05714297296  36.53023
6485.62290239335  36.77548
6487.18866181375  37.93942
6488.75442123414  36.47604
6490.32018065454  42.44944
6491.88594007493  45.85386
6493.45169949533  41.08797
6495.01745891572  34.06907
6496.58321833612  42.55691
6498.14897775651  49.72097
6499.71473717691  55.04375
6501.2804965973  58.17061
6502.8462560177  95.92673
6504.41201543809  110.5119
6505.97777485849  135.7506
6507.54353427888  128.3035
6509.10929369928  114.2262
6510.67505311967  78.9254
6512.24081254007  59.09311
6513.80657196046  49.38341
6515.37233138086  44.42762
6516.93809080125  46.8913
6518.50385022165  43.99559
6520.06960964204  42.16861
6521.63536906244  37.57175
6523.20112848283  36.80246
6524.76688790323  36.00341
6526.33264732362  38.18075
6527.89840674402  33.86356
6529.46416616441  36.25469
6531.02992558481  43.17296
6532.5956850052  43.92086
6534.1614444256  40.9037
6535.72720384599  38.66616
6537.29296326638  40.87381
6538.85872268678  37.32817
6540.42448210717  32.28586
6541.99024152757  40.24857
6543.55600094796  35.82605
6545.12176036836  41.15746
6546.68751978875  33.82762
6548.25327920915  29.61985
6549.81903862954  23.14745
6551.38479804994  26.96251
6552.95055747033  38.84637
6554.51631689073  31.76237
6556.08207631112  31.91622
6557.64783573152  36.78048
6559.21359515191  39.63602
6560.77935457231  30.45607
6562.3451139927  28.62427
6563.9108734131  26.43533
6565.47663283349  33.99411
6567.04239225389  32.40614
6568.60815167428  23.96616
6570.17391109468  36.58856
6571.73967051507  34.33468
6573.30542993547  33.48481
6574.87118935586  35.08105
6576.43694877626  32.0407
6578.00270819665  39.31654
6579.56846761705  37.10532
6581.13422703744  38.39284
6582.69998645784  29.2404
6584.26574587823  35.44909
6585.83150529863  38.0268
6587.39726471902  32.6941
6588.96302413942  33.9641
6590.52878355981  38.22044
6592.09454298021  26.92816
6593.6603024006  29.56398
6595.226061821  34.34717
6596.79182124139  34.78458
6598.35758066179  30.76699
6599.92334008218  20.1762
6601.48909950258  29.79194
6603.05485892297  32.56062
6604.62061834337  28.97943
6606.18637776376  37.19184
6607.75213718415  33.86349
6609.31789660455  39.67391
6610.88365602494  36.08866
6612.44941544534  20.71673
6614.01517486574  31.13812
6615.58093428613  28.22426
6617.14669370653  26.43787
6618.71245312692  26.90543
6620.27821254731  30.10919
6621.84397196771  25.96767
6623.4097313881  36.98228
6624.9754908085  31.87084
6626.5412502289  31.24506
6628.10700964929  33.14512
6629.67276906968  32.76886
6631.23852849008  37.01218
6632.80428791047  31.80001
6634.37004733087  24.52642
6635.93580675126  29.1214
6637.50156617166  22.66317
6639.06732559205  29.20308
6640.63308501245  31.86415
6642.19884443284  23.49582
6643.76460385324  30.10856
6645.33036327363  30.64946
6646.89612269403  39.43837
6648.46188211442  24.51432
6650.02764153482  15.3118
6651.59340095521  22.09548
6653.15916037561  28.80576
6654.724919796  27.94205
6656.2906792164  21.48317
6657.85643863679  17.49831
6659.42219805719  21.945
6660.98795747758  29.74272
6662.55371689798  38.74644
6664.11947631837  24.08514
6665.68523573877  24.35466
6667.25099515916  24.32723
6668.81675457956  32.39512
6670.38251399995  29.76085
6671.94827342035  28.38449
6673.51403284074  21.35534
6675.07979226114  30.80082
6676.64555168153  23.75506
6678.21131110193  29.84857
6679.77707052232  37.80249
6681.34282994272  26.21735
6682.90858936311  22.63923
6684.47434878351  33.6984
6686.0401082039  30.75538
6687.60586762429  26.83506
6689.17162704469  21.95378
6690.73738646509  30.18644
6692.30314588548  25.5157
6693.86890530588  23.86048
6695.43466472627  27.17306
6697.00042414667  14.8713
6698.56618356706  30.15036
6700.13194298745  25.38236
6701.69770240785  33.22494
6703.26346182825  21.62759
6704.82922124864  28.99349
6706.39498066904  25.99957
6707.96074008943  23.85952
6709.52649950982  19.82482
6711.09225893022  5.166363
6712.65801835062  29.22665
6714.22377777101  15.71542
6715.7895371914  17.8488
6717.3552966118  19.45434
6718.92105603219  20.8416
6720.48681545259  25.18887
6722.05257487298  25.3366
6723.61833429338  29.40388
6725.18409371377  24.43309
6726.74985313417  22.5989
6728.31561255456  23.68243
6729.88137197496  30.40842
6731.44713139535  24.71718
6733.01289081575  15.11805
6734.57865023614  23.12823
6736.14440965654  28.67219
6737.71016907693  21.60495
6739.27592849733  18.20992
6740.84168791772  13.51117
6742.40744733812  33.07395
6743.97320675851  20.42981
6745.53896617891  21.97439
6747.1047255993  28.33153
6748.6704850197  20.14626
6750.23624444009  22.21265
6751.80200386049  18.68314
6753.36776328088  22.60884
6754.93352270128  20.18189
6756.49928212167  21.47895
6758.06504154207  26.00347
6759.63080096246  16.10805
6761.19656038286  32.84668
6762.76231980325  18.97148
6764.32807922365  23.87901
6765.89383864404  10.43629
6767.45959806444  18.017
6769.02535748483  5.716969
6770.59111690523  33.51434
6772.15687632562  19.57505
6773.72263574602  16.52415
6775.28839516641  22.11789
6776.8541545868  17.61456
6778.4199140072  23.42687
6779.98567342759  18.96099
6781.55143284799  25.35626
6783.11719226839  17.95091
6784.68295168878  22.9923
6786.24871110917  16.69855
6787.81447052957  18.7621
6789.38022994996  16.92613
6790.94598937036  18.23643
6792.51174879075  12.94388
6794.07750821115  15.39631
6795.64326763154  17.37046
6797.20902705194  13.75847
6798.77478647233  16.93164
6800.34054589273  14.84194
6801.90630531312  23.39629
6803.47206473352  20.458
6805.03782415391  22.70466
6806.60358357431  15.15235
6808.1693429947  19.78981
6809.7351024151  17.91985
6811.30086183549  19.18249
6812.86662125589  13.38687
6814.43238067628  13.33386
6815.99814009668  21.26892
6817.56389951707  13.74251
6819.12965893747  13.26676
6820.69541835786  9.550264
6822.26117777826  19.00401
6823.82693719865  22.46811
6825.39269661905  13.36524
6826.95845603944  12.70877
6828.52421545984  22.34164
6830.08997488023  17.72079
6831.65573430063  10.2813
6833.22149372102  18.04759
6834.78725314142  15.13808
6836.35301256181  19.26083
6837.91877198221  13.74216
6839.4845314026  16.35635
6841.050290823  18.46532
6842.61605024339  16.70203
6844.18180966379  16.59295
6845.74756908418  12.16963
6847.31332850457  23.34975
6848.87908792497  14.01332
6850.44484734537  15.58302
6852.01060676576  20.85011
6853.57636618616  10.24442
6855.14212560655  12.9288
6856.70788502695  20.67174
6858.27364444734  11.10879
6859.83940386773  13.63131
6861.40516328813  20.8146
6862.97092270853  20.43509
6864.53668212892  20.93344
6866.10244154931  5.389904
6867.66820096971  12.01621
6869.2339603901  16.58746
6870.7997198105  4.182825
6872.36547923089  11.90593
6873.93123865129  9.375683
6875.49699807168  5.116182
6877.06275749208  8.848387
6878.62851691247  13.30344
6880.19427633287  17.88467
6881.76003575326  3.876003
6883.32579517366  20.61264
6884.89155459405  8.692736
6886.45731401445  12.53936
6888.02307343484  12.25739
6889.58883285524  12.05858
6891.15459227563  11.71427
6892.72035169603  10.59582
6894.28611111642  6.276356
6895.85187053682  17.61724
6897.41762995721  12.19118
6898.98338937761  11.93943
6900.549148798  9.832749
6902.1149082184  14.82757
6903.68066763879  13.56245
6905.24642705919  10.04628
6906.81218647958  11.7284
6908.37794589998  14.17752
6909.94370532037  11.65187
6911.50946474077  17.45864
6913.07522416116  10.28045
6914.64098358156  8.339767
6916.20674300195  7.365129
6917.77250242235  19.26778
6919.33826184274  5.720032
6920.90402126314  8.539038
6922.46978068353  10.10752
6924.03554010393  10.86885
6925.60129952432  14.18064
6927.16705894472  10.50964
6928.73281836511  11.09354
6930.2985777855  7.191484
6931.8643372059  6.108006
6933.43009662629  13.59996
6934.99585604669  7.864922
6936.56161546709  9.417223
6938.12737488748  13.40261
6939.69313430788  12.73677
6941.25889372827  9.207983
6942.82465314866  8.692284
6944.39041256906  5.327644
6945.95617198945  13.11764
6947.52193140985  10.73576
6949.08769083025  0.5881815
6950.65345025064  19.43242
6952.21920967103  16.72889
6953.78496909143  2.053782
6955.35072851182  4.324667
6956.91648793222  8.646738
6958.48224735261  10.96416
6960.04800677301  10.44589
6961.6137661934  10.0142
6963.1795256138  12.18833
6964.74528503419  8.756397
6966.31104445459  10.63728
6967.87680387498  5.720774
6969.44256329538  7.288031
6971.00832271577  4.391329
6972.57408213617  2.531981
6974.13984155656  13.17798
6975.70560097696  10.01429
6977.27136039735  5.664225
6978.83711981775  1.350017
6980.40287923814  4.051115
6981.96863865854  15.72338
6983.53439807893  5.096674
6985.10015749933  10.57566
6986.66591691972  7.873062
6988.23167634012  11.54143
6989.79743576051  8.542261
6991.36319518091  -1.099428
6992.9289546013  3.394434
6994.4947140217  4.662846
6996.06047344209  4.813295
6997.62623286249  6.574869
6999.19199228288  7.68532
7000.75775170328  16.66529
7002.32351112367  14.67426
7003.88927054407  11.04382
7005.45502996446  11.7762
7007.02078938486  11.72683
7008.58654880525  16.37833
7010.15230822565  4.406649
7011.71806764604  0.857502
7013.28382706644  4.66577
7014.84958648683  0.2346745
7016.41534590723  1.509508
7017.98110532762  10.19549
7019.54686474802  6.235947
7021.11262416841  10.52202
7022.6783835888  6.689049
7024.2441430092  3.156641
7025.8099024296  3.498709
7027.37566184999  4.162848
7028.94142127039  6.794132
7030.50718069078  3.392757
7032.07294011117  6.31653
7033.63869953157  5.877226
7035.20445895196  1.189791
7036.77021837236  6.907585
7038.33597779275  3.751493
7039.90173721315  5.128969
7041.46749663354  8.015905
7043.03325605394  11.52577
7044.59901547433  1.435444
7046.16477489473  10.55989
7047.73053431512  9.25277
7049.29629373552  0.8552608
7050.86205315591  4.507914
7052.42781257631  12.4455
7053.9935719967  5.992899
7055.5593314171  5.215792
7057.12509083749  9.665929
7058.69085025789  3.179039
7060.25660967828  1.230606
7061.82236909868  8.473801
7063.38812851907  5.653736
7064.95388793947  9.781675
7066.51964735986  12.60133
7068.08540678026  3.865562
7069.65116620065  3.128197
7071.21692562105  4.392426
7072.78268504144  0.1833
7074.34844446184  5.567303
7075.91420388223  2.442165
7077.47996330263  2.692541
7079.04572272302  5.737492
7080.61148214342  6.558735
7082.17724156381  4.179775
7083.74300098421  8.430506
7085.3087604046  8.152386
7086.874519825  2.778103
7088.44027924539  5.03896
7090.00603866579  1.707943
7091.57179808618  -1.143702
7093.13755750658  2.585646
7094.70331692697  3.424015
7096.26907634737  2.467354
7097.83483576776  0.5856705
7099.40059518816  -4.689396
7100.96635460855  -0.7908745
7102.53211402894  7.284111
7104.09787344934  11.11022
7105.66363286974  5.544838
7107.22939229013  2.760323
7108.79515171052  5.631159
7110.36091113092  -2.912449
7111.92667055131  4.893112
7113.49242997171  3.924978
7115.0581893921  3.969797
7116.6239488125  0.1122379
7118.18970823289  8.655237
7119.75546765329  13.68694
7121.32122707368  2.835131
7122.88698649408  5.075748
7124.45274591447  2.922272
7126.01850533487  13.74341
7127.58426475526  -3.415228
7129.15002417566  2.4056
7130.71578359605  3.949604
7132.28154301645  11.13411
7133.84730243684  2.75123
7135.41306185724  -2.164589
7136.97882127763  3.13957
7138.54458069803  6.957455
7140.11034011842  5.386545
7141.67609953882  4.993567
7143.24185895921  -1.097996
7144.80761837961  4.740437
7146.3733778  0.8934135
7147.9391372204  2.807249
7149.50489664079  -2.21261
7151.07065606119  1.092667
7152.63641548158  -4.003023
7154.20217490198  3.485149
7155.76793432237  1.122984
7157.33369374277  1.400129
7158.89945316316  0.2508163
7160.46521258356  5.456881
7162.03097200395  8.464521
7163.59673142435  3.524527
7165.16249084474  4.734165
7166.72825026514  -2.351067
7168.29400968553  11.57837
7169.85976910592  2.22084
7171.42552852632  -1.942383
7172.99128794672  -0.8808727
7174.55704736711  -2.485472
7176.12280678751  1.89094
7177.6885662079  2.203369
7179.2543256283  0.5577412
7180.82008504869  0.2640877
7182.38584446908  -1.744226
7183.95160388948  1.387484
7185.51736330988  -0.2990608
7187.08312273027  3.252777
7188.64888215066  -2.027243
7190.21464157106  1.238094
7191.78040099145  2.16054
7193.34616041185  1.099716
7194.91191983224  6.599861
7196.47767925264  8.496853
7198.04343867303  -5.229065
7199.60919809343  4.978306
7201.17495751382  6.181967
7202.74071693422  -0.005800247
7204.30647635461  1.244858
7205.87223577501  -5.281265
7207.4379951954  -2.290676
7209.0037546158  2.922661
7210.56951403619  -0.02875328
7212.13527345659  4.899239
7213.70103287698  1.32233
7215.26679229738  6.08098
7216.83255171777  1.98666
7218.39831113817  -8.75053
7219.96407055856  6.92868
7221.52982997896  0.2139111
7223.09558939935  1.109722
7224.66134881975  6.063866
7226.22710824014  1.162092
7227.79286766054  3.265003
7229.35862708093  2.437494
7230.92438650133  -4.587378
7232.49014592172  -1.563454
7234.05590534212  -1.124334
7235.62166476251  -1.533184
7237.18742418291  9.303299
7238.7531836033  1.20196
7240.3189430237  2.159021
7241.88470244409  -2.859232
7243.45046186449  -3.773529
7245.01622128488  -1.922033
7246.58198070528  -3.850405
7248.14774012567  0.05488968
7249.71349954606  2.405157
7251.27925896646  -0.6324348
7252.84501838685  -10.70164
7254.41077780725  2.961082
7255.97653722764  4.041298
7257.54229664804  -0.07713699
7259.10805606843  2.888594
7260.67381548883  -1.521376
7262.23957490923  -1.439581
7263.80533432962  0.6910019
7265.37109375002  -3.436283
7266.93685317041  -1.51775
7268.5026125908  1.991846
7270.0683720112  -2.80411
7271.6341314316  -1.913652
7273.19989085199  1.006149
7274.76565027238  -1.365774
7276.33140969278  2.307537
7277.89716911317  -9.428551
7279.46292853357  -3.179752
7281.02868795396  -4.120827
7282.59444737436  8.741457
7284.16020679475  2.602377
7285.72596621515  8.479342
7287.29172563554  8.000021
7288.85748505594  -1.393568
7290.42324447633  6.358404
7291.98900389673  -5.48308
7293.55476331712  1.270128
7295.12052273752  -1.443623
7296.68628215791  7.286337
7298.25204157831  -1.328323
7299.8178009987  2.564991
7301.3835604191  5.459679
7302.94931983949  0.5147781
7304.51507925989  -3.495823
7306.08083868028  -10.1749
7307.64659810068  -14.89207
7309.21235752107  -2.57785
7310.77811694147  -8.181709
7312.34387636186  -11.05399
7313.90963578226  7.037113
7315.47539520265  0.7221565
7317.04115462305  -10.02617
7318.60691404344  -10.13943
7320.17267346384  -0.1236267
7321.73843288423  -7.567215
7323.30419230463  1.65881
7324.86995172502  21.26408
7326.43571114542  -1.224941
7328.00147056581  -14.69901
7329.56722998621  -2.689594
7331.1329894066  2.693119
7332.698748827  -1.739349
7334.26450824739  0.01924133
7335.83026766779  -3.282436
7337.39602708818  -0.1042747
7338.96178650857  -7.972443
7340.52754592897  -11.1221
7342.09330534937  1.094028
7343.65906476976  -1.924492
7345.22482419015  0.2243271
7346.79058361055  -19.02373
7348.35634303094  -12.05573
7349.92210245134  3.724255
7351.48786187174  -2.305172
7353.05362129213  -11.08165
7354.61938071252  4.618542
7356.18514013292  -0.8074646
7357.75089955331  -19.51263
7359.31665897371  -23.12369
7360.8824183941  -11.2728
7362.4481778145  -3.20192
7364.01393723489  5.118214
7365.57969665529  4.510643
7367.14545607568  -7.263931
7368.71121549608  -7.413353
7370.27697491647  -0.3400536
7371.84273433687  6.833279
7373.40849375726  -5.859058
7374.97425317766  5.75264
7376.54001259805  5.978001
7378.10577201845  -3.652027
7379.67153143884  -3.766521
7381.23729085924  -6.376778
7382.80305027963  -2.748768
7384.36880970003  6.595562
7385.93456912042  -3.887522
7387.50032854082  5.426823
7389.06608796121  7.614439
7390.63184738161  -0.7583847
7392.197606802  -1.63372
7393.7633662224  0.6046257
7395.32912564279  6.246918
7396.89488506319  1.59
7398.46064448358  -2.482174
7400.02640390398  7.267094
7401.59216332437  1.049208
7403.15792274477  4.329181
7404.72368216516  2.242222
7406.28944158556  0.618392
7407.85520100595  0.231379
7409.42096042635  1.224684
7410.98671984674  -0.3642552
7412.55247926714  -0.1693978
7414.11823868753  -0.09305751
7415.68399810793  0.1914586
7417.24975752832  0.4089
7418.81551694872  -0.2015047
7420.38127636911  0.6204915
7421.94703578951  1.655937
7423.5127952099  -0.1632433
7425.07855463029  -1.658694
7426.64431405069  -2.212368
7428.21007347108  -4.313716
7429.77583289148  -3.374705
7431.34159231187  -1.159206
7432.90735173227  -3.080677
7434.47311115266  -3.075907
7436.03887057306  -0.7558327
7437.60462999345  0.4301624
7439.17038941385  -2.020609
7440.73614883424  3.724825
7442.30190825464  -3.475859
7443.86766767503  -7.040663
7445.43342709543  -7.572098
7446.99918651582  0.1385841
7448.56494593622  1.590427
7450.13070535661  2.072372
7451.69646477701  13.0555
7453.2622241974  2.103378
7454.8279836178  8.491043
7456.39374303819  16.85862
7457.95950245859  -5.601078
7459.52526187898  3.408966
7461.09102129938  -10.45081
7462.65678071977  3.075302
7464.22254014017  9.073372
7465.78829956056  1.247089
7467.35405898096  -1.524387
7468.91981840135  -6.04953
7470.48557782175  2.776783
7472.05133724214  9.788746
7473.61709666254  -6.644821
7475.18285608293  14.74697
7476.74861550333  6.637783
7478.31437492372  -8.078442
7479.88013434412  -15.12101
7481.44589376451  4.399307
7483.01165318491  -4.450069
7484.5774126053  -20.35174
7486.14317202569  5.955841
7487.70893144609  20.05315
7489.27469086649  -1.23362
7490.84045028688  12.09927
7492.40620970727  -8.516212
7493.97196912767  -13.89008
7495.53772854806  4.724503
7497.10348796846  16.14544
7498.66924738886  2.444237
7500.23500680925  -15.28308
7501.80076622965  16.52474
7503.36652565004  -16.74496
7504.93228507043  -5.737526
7506.49804449083  -16.06689
7508.06380391123  10.35902
7509.62956333162  -10.51328
7511.19532275201  15.71232
7512.76108217241  6.776833
7514.3268415928  15.43581
7515.8926010132  -5.181931
7517.45836043359  -18.21891
7519.02411985399  0.2898636
7520.58987927438  4.304001
7522.15563869478  -14.01293
7523.72139811517  -24.62934
7525.28715753557  0.4793167
7526.85291695596  -11.82813
7528.41867637636  -5.647041
7529.98443579675  -23.48136
7531.55019521715  -17.28628
7533.11595463754  -5.213814
7534.68171405794  -6.172737
7536.24747347833  -41.61709
7537.81323289873  -2.717796
7539.37899231912  7.375511
7540.94475173952  19.31973
7542.51051115991  -1.99559
7544.07627058031  6.487328
7545.6420300007  7.843956
7547.2077894211  27.52608
7548.77354884149  -1.311897
7550.33930826189  -6.500053
7551.90506768228  -11.10568
7553.47082710268  -14.6437
7555.03658652307  -7.204041
7556.60234594347  -5.864677
7558.16810536386  6.067596
7559.73386478426  14.51901
7561.29962420465  -2.905106
7562.86538362505  -36.68095
7564.43114304544  -11.90085
7565.99690246584  3.925377
7567.56266188623  19.31686
7569.12842130663  -10.71635
7570.69418072702  15.92191
7572.25994014742  10.81801
7573.82569956781  -9.158882
7575.3914589882  4.066673
7576.9572184086  5.704041
7578.522977829  -3.575836
7580.08873724939  2.538612
7581.65449666979  -19.26197
7583.22025609018  11.09714
7584.78601551057  8.596161
7586.35177493097  -7.066879
7587.91753435137  27.71026
7589.48329377176  16.7677
7591.04905319215  -14.72417
7592.61481261255  17.85957
7594.18057203295  20.78426
7595.74633145334  -18.05113
7597.31209087373  -6.359505
7598.87785029413  1.347763
7600.44360971452  -5.760612
7602.00936913492  -14.32201
7603.57512855531  -15.28063
7605.14088797571  -22.92931
7606.7066473961  -1.249496
7608.2724068165  13.49812
7609.83816623689  12.76881
7611.40392565729  -0.495285
7612.96968507768  -13.09985
7614.53544449808  7.574883
7616.10120391847  2.540077
7617.66696333887  3.030594
7619.23272275926  5.149918
7620.79848217966  -3.699959
7622.36424160005  -10.12968
7623.93000102045  7.615005
7625.49576044084  15.587
7627.06151986124  -3.627823
7628.62727928163  -10.71976
7630.19303870203  27.21615
7631.75879812242  -14.79504
7633.32455754282  -12.19639
7634.89031696321  9.909409
7636.45607638361  0.8985367
7638.021835804  7.410881
7639.5875952244  0.4919167
7641.15335464479  2.619194
7642.71911406519  -10.50641
7644.28487348558  4.77507
7645.85063290598  9.067944
7647.41639232637  17.4505
7648.98215174677  1.505493
7650.54791116716  -9.414886
7652.11367058756  -11.94416
7653.67943000795  -9.370258
7655.24518942835  2.642803
7656.81094884874  -6.790928
7658.37670826914  -1.482269
7659.94246768953  3.130878
7661.50822710992  4.005367
7663.07398653032  5.384098
7664.63974595071  -12.05182
7666.20550537111  9.487583
7667.7712647915  9.790974
7669.3370242119  -7.768509
7670.90278363229  -6.871056
7672.46854305269  3.952023
7674.03430247308  -0.5189762
7675.60006189348  2.931551
7677.16582131387  3.087494
7678.73158073427  -7.704924
7680.29734015466  -0.006866455
7681.86309957506  5.141743
7683.42885899545  0.2551403
7684.99461841585  4.340046
7686.56037783624  5.169024
7688.12613725664  -3.647714
7689.69189667703  1.807391
7691.25765609743  -0.468379
7692.82341551782  1.351782
7694.38917493822  -0.09451056
7695.95493435861  -0.7638559
7697.52069377901  0.2317488
7699.0864531994  -0.02137113
7700.6522126198  0.6709809
7702.21797204019  0.396122
7703.78373146059  1.164897
7705.34949088098  -3.736794
7706.91525030138  -1.689307
7708.48100972177  -0.1215343
7710.04676914217  -1.957037
7711.61252856256  -2.357735
7713.17828798296  1.420751
7714.74404740335  -4.935148
7716.30980682375  0.9953175
7717.87556624414  -3.802086
7719.44132566454  2.697308
7721.00708508493  1.568165
7722.57284450532  -3.315472
7724.13860392572  -12.25896
7725.70436334612  -3.271301
7727.27012276651  4.494862
7728.83588218691  -0.8245926
7730.4016416073  6.543629
7731.96740102769  -4.69017
7733.53316044809  10.02193
7735.09891986849  -9.131004
7736.66467928888  -3.30521
7738.23043870928  1.089382
7739.79619812967  -2.379589
7741.36195755006  10.65468
7742.92771697046  34.1689
7744.49347639086  0.8184509
7746.05923581125  10.55527
7747.62499523164  -3.174446
7749.19075465204  5.391846
7750.75651407243  11.41648
7752.32227349283  -23.64086
7753.88803291322  4.683578
7755.45379233362  -21.58347
7757.01955175401  -11.56654
7758.58531117441  -2.7873
7760.1510705948  -27.17736
7761.7168300152  20.42848
7763.28258943559  -18.6983
7764.84834885599  -16.35519
7766.41410827638  6.496246
7767.97986769678  -17.4836
7769.54562711717  -6.48764
7771.11138653757  17.00065
7772.67714595796  -12.44705
7774.24290537836  -8.174118
7775.80866479875  -10.50037
7777.37442421915  11.62143
7778.94018363954  -15.70706
7780.50594305994  7.396225
7782.07170248033  14.96766
7783.63746190073  9.506935
7785.20322132112  10.66727
7786.76898074152  34.70523
7788.33474016191  -22.53801
7789.90049958231  11.11042
7791.4662590027  -15.6503
7793.0320184231  -38.35381
7794.59777784349  -19.6261
7796.16353726389  -8.703842
7797.72929668428  3.421402
7799.29505610468  -7.820419
7800.86081552507  -8.747787
7802.42657494547  -38.88991
7803.99233436586  13.07863
7805.55809378626  -34.76572
7807.12385320665  9.08992
7808.68961262704  -10.35315
7810.25537204744  -22.68031
7811.82113146784  -11.9113
7813.38689088823  -18.53481
7814.95265030862  33.19299
7816.51840972902  42.88931
7818.08416914941  -6.408615
7819.64992856981  32.46704
7821.2156879902  -39.72348
7822.7814474106  -36.33688
7824.347206831  1.022141
7825.91296625139  -7.584152
7827.47872567178  -19.34587
7829.04448509218  80.64362
7830.61024451257  14.43359
7832.17600393297  -11.9101
7833.74176335336  20.27492
7835.30752277376  3.013718
7836.87328219415  55.39351
7838.43904161455  35.72205
7840.00480103494  24.62965
7841.57056045534  -17.27097
7843.13631987573  63.70612
7844.70207929613  78.21204
7846.26783871652  25.49147
7847.83359813692  -11.99342
7849.39935755731  9.909256
7850.96511697771  -33.55031
7852.5308763981  -47.87347
7854.0966358185  41.63116
7855.66239523889  -16.55846
7857.22815465929  -23.69753
7858.79391407968  -16.41495
7860.35967350008  35.14404
7861.92543292047  -0.7205353
7863.49119234087  38.7262
7865.05695176126  38.98015
7866.62271118166  -15.4456
7868.18847060205  49.2886
7869.75423002245  -16.84254
7871.31998944284  -35.89055
7872.88574886324  -8.07872
7874.45150828363  -37.35707
7876.01726770403  1.367203
7877.58302712442  -12.92801
7879.14878654482  -43.69096
7880.71454596521  -40.83237
7882.28030538561  -63.12042
7883.846064806  -21.15897
7885.4118242264  -5.018356
7886.97758364679  -112.0114
7888.54334306719  -77.2601
7890.10910248758  -39.01828
7891.67486190798  5.187546
7893.24062132837  -42.75342
7894.80638074877  6.585602
7896.37214016916  26.39749
7897.93789958955  3.659866
7899.50365900995  -53.40848
7901.06941843034  -77.06822
7902.63517785074  41.05037
7904.20093727114  74.7572
7905.76669669153  17.35457
7907.33245611192  85.38782
7908.89821553232  30.95212
7910.46397495271  23.59006
7912.02973437311  38.58485
7913.5954937935  -7.485306
7915.1612532139  -14.01447
7916.7270126343  22.70908
7918.29277205469  -21.3862
7919.85853147508  -1.675598
7921.42429089548  -5.863815
7922.99005031587  66.09328
7924.55580973627  -4.098953
7926.12156915666  -23.004
7927.68732857706  -77.16183
7929.25308799745  -32.86278
7930.81884741785  18.29774
7932.38460683824  -19.89471
7933.95036625864  -25.91689
7935.51612567903  40.5239
7937.08188509943  -18.9776
7938.64764451982  -21.07454
7940.21340394022  35.42848
7941.77916336061  -10.56473
7943.34492278101  -97.01712
7944.9106822014  -19.30569
7946.4764416218  36.81651
7948.04220104219  2.22258
7949.60796046259  58.97726
7951.17371988298  -3.105133
7952.73947930338  -3.500824
7954.30523872377  13.15178
7955.87099814417  20.45577
7957.43675756456  -57.39717
7959.00251698496  -27.33243
7960.56827640535  -2.422913
7962.13403582575  -63.10478
7963.69979524614  -45.09087
7965.26555466654  -33.75058
7966.83131408693  -28.74818
7968.39707350732  9.65033
7969.96283292772  -1.022118
7971.52859234812  -27.12703
7973.09435176851  4.357666
