4059.81860351562  -9.104353
4061.38336825371  -7.558819
4062.94813299179  2.100418
4064.51289772987  -0.9246235
4066.07766246796  4.04282
4067.64242720604  -2.388725
4069.20719194412  9.484064
4070.77195668221  3.840937
4072.33672142029  0.6064301
4073.90148615837  3.310022
4075.46625089645  11.04628
4077.03101563454  1.908144
4078.59578037262  -17.1903
4080.1605451107  -1.179609
4081.72530984879  0.6043091
4083.29007458687  2.910118
4084.85483932495  5.727266
4086.41960406303  7.373737
4087.98436880112  11.44552
4089.5491335392  3.784901
4091.11389827728  -16.81985
4092.67866301536  5.205938
4094.24342775345  4.045582
4095.80819249153  0.8577309
4097.37295722961  6.515085
4098.9377219677  4.146557
4100.50248670578  6.423248
4102.06725144386  1.44079
4103.63201618195  0.4417267
4105.19678092003  5.2108
4106.76154565811  -2.012592
4108.32631039619  -0.868372
4109.89107513428  3.766058
4111.45583987236  8.623625
4113.02060461044  11.97402
4114.58536934853  9.403417
4116.15013408661  -5.344585
4117.71489882469  -0.9563084
4119.27966356277  7.76304
4120.84442830086  5.352261
4122.40919303894  0.946373
4123.97395777702  -4.758688
4125.53872251511  -3.328642
4127.10348725319  1.313684
4128.66825199127  -1.313997
4130.23301672935  -5.18327
4131.79778146744  1.130674
4133.36254620552  2.830944
4134.9273109436  5.003628
4136.49207568169  -1.902765
4138.05684041977  4.904175
4139.62160515785  3.129904
4141.18636989594  6.325695
4142.75113463402  6.515863
4144.3158993721  0.168272
4145.88066411018  11.12204
4147.44542884827  -43.87854
4149.01019358635  -37.23606
4150.57495832443  10.56976
4152.13972306252  2.419024
4153.7044878006  6.971434
4155.26925253868  -11.8151
4156.83401727676  -4.586512
4158.39878201485  10.44979
4159.96354675293  -0.1619282
4161.52831149101  -8.897732
4163.0930762291  12.8476
4164.65784096718  5.429407
4166.22260570526  -5.598068E-4
4167.78737044334  0.5196838
4169.35213518143  3.653509
4170.91689991951  -2.201225
4172.48166465759  3.750969
4174.04642939568  -1.791927
4175.61119413376  4.037024
4177.17595887184  -4.634228
4178.74072360992  -2.59403
4180.30548834801  3.071877
4181.87025308609  16.13808
4183.43501782417  6.050861
4184.99978256226  -1.86693
4186.56454730034  -39.01222
4188.12931203842  -3.194834
4189.6940767765  5.641735
4191.25884151459  -1.725359
4192.82360625267  2.827646
4194.38837099075  15.46269
4195.95313572884  -3.050982
4197.51790046692  -2.764685
4199.082665205  5.799125
4200.64742994308  -0.6588516
4202.21219468117  5.172015
4203.77695941925  8.396027
4205.34172415733  9.019674
4206.90648889542  1.108217
4208.4712536335  -11.21023
4210.03601837158  11.8995
4211.60078310966  -6.560616
4213.16554784775  1.543814
4214.73031258583  2.388638
4216.29507732391  -4.801205
4217.859842062  -1.473598
4219.42460680008  1.459343
4220.98937153816  -4.451494
4222.55413627625  9.661884
4224.11890101433  2.895679
4225.68366575241  -4.691256
4227.24843049049  3.680046
4228.81319522858  9.243598
4230.37795996666  2.649303
4231.94272470474  4.01021
4233.50748944283  -1.386255
4235.07225418091  2.332872
4236.63701891899  3.989908
4238.20178365707  0.1471081
4239.76654839516  0.8918591
4241.33131313324  1.209284
4242.89607787132  1.366241
4244.46084260941  1.400131
4246.02560734749  1.521223
4247.59037208557  -5.086441
4249.15513682365  4.366837
4250.71990156174  3.207964
4252.28466629982  9.396765
4253.8494310379  -4.722994
4255.41419577599  -5.403668
4256.97896051407  0.7336044
4258.54372525215  5.621532
4260.10848999023  1.274389
4261.67325472832  1.020714
4263.2380194664  7.152177
4264.80278420448  3.584091
4266.36754894257  -3.592482
4267.93231368065  10.22094
4269.49707841873  9.036886
4271.06184315681  6.576529
4272.6266078949  8.132357
4274.19137263298  0.4558067
4275.75613737106  5.753638
4277.32090210915  4.209923
4278.88566684723  -3.12244
4280.45043158531  -2.242584
4282.0151963234  -2.169216
4283.57996106148  -1.02292
4285.14472579956  3.162035
4286.70949053764  4.646357
4288.27425527573  8.083239
4289.83902001381  10.02399
4291.40378475189  -2.838221
4292.96854948998  -0.7636089
4294.53331422806  1.541904
4296.09807896614  -3.198545
4297.66284370422  4.528387
4299.22760844231  1.230381
4300.79237318039  -5.994061
4302.35713791847  -0.8054276
4303.92190265656  3.975431
4305.48666739464  6.542879
4307.05143213272  4.565632
4308.6161968708  7.109751
4310.18096160889  1.928667
4311.74572634697  4.132137
4313.31049108505  5.349926
4314.87525582314  -0.439352
4316.44002056122  -6.379417
4318.0047852993  -1.387829
4319.56955003738  0.46241
4321.13431477547  -4.515013
4322.69907951355  11.59041
4324.26384425163  7.950293
4325.82860898972  2.418091
4327.3933737278  5.727606
4328.95813846588  4.131924
4330.52290320396  5.591974
4332.08766794205  0.7258759
4333.65243268013  11.39479
4335.21719741821  6.920386
4336.7819621563  7.958988
4338.34672689438  8.012997
4339.91149163246  4.220705
4341.47625637055  0.8346195
4343.04102110863  -4.068491
4344.60578584671  3.180229
4346.17055058479  11.18851
4347.73531532288  -1.991163
4349.30008006096  9.611465
4350.86484479904  14.65409
4352.42960953713  3.859381
4353.99437427521  4.754694
4355.55913901329  1.552608
4357.12390375137  5.971066
4358.68866848946  6.180811
4360.25343322754  0.8943729
4361.81819796562  -2.561134
4363.38296270371  6.707022
4364.94772744179  3.395802
4366.51249217987  -1.785591
4368.07725691795  7.69981
4369.64202165604  8.616315
4371.20678639412  4.847614
4372.7715511322  2.417149
4374.33631587029  15.92768
4375.90108060837  5.00453
4377.46584534645  9.998348
4379.03061008453  4.230798
4380.59537482262  6.475706
4382.1601395607  6.407848
4383.72490429878  -0.8833084
4385.28966903687  6.36302
4386.85443377495  -7.476892
4388.41919851303  2.633066
4389.98396325111  9.585447
4391.5487279892  12.47824
4393.11349272728  15.28356
4394.67825746536  -2.173872
4396.24302220345  6.434941
4397.80778694153  -23.56226
4399.37255167961  -14.18281
4400.93731641769  1.047861
4402.50208115578  10.63296
4404.06684589386  9.309225
4405.63161063194  9.151217
4407.19637537003  0.8718643
4408.76114010811  -0.8391399
4410.32590484619  6.168824
4411.89066958428  21.77232
4413.45543432236  -0.4434681
4415.02019906044  -7.530087
4416.58496379852  13.98238
4418.14972853661  7.40414
4419.71449327469  1.677473
4421.27925801277  5.440701
4422.84402275086  7.24011
4424.40878748894  -5.32799
4425.97355222702  3.328157
4427.5383169651  7.692009
4429.10308170319  -5.149036
4430.66784644127  1.178262
4432.23261117935  2.837404
4433.79737591744  1.643396
4435.36214065552  4.723486
4436.9269053936  -2.414858
4438.49167013168  -6.030745
4440.05643486977  -6.645334
4441.62119960785  6.529704
4443.18596434593  -2.032721
4444.75072908402  2.216993
4446.3154938221  4.075735
4447.88025856018  11.87585
4449.44502329826  4.192331
4451.00978803635  2.484457
4452.57455277443  -0.005616188
4454.13931751251  -0.1292038
4455.7040822506  6.493853
4457.26884698868  6.43921
4458.83361172676  5.280822
4460.39837646484  2.511364
4461.96314120293  -0.4413738
4463.52790594101  -1.496183
4465.09267067909  5.819496
4466.65743541718  4.924688
4468.22220015526  -2.085199
4469.78696489334  17.66207
4471.35172963142  2.942917
4472.91649436951  -11.77849
4474.48125910759  -5.294666
4476.04602384567  -0.5491257
4477.61078858376  4.698452
4479.17555332184  10.93714
4480.74031805992  2.289941
4482.305082798  3.508442
4483.86984753609  0.05873108
4485.43461227417  4.050741
4486.99937701225  10.359
4488.56414175034  0.001960754
4490.12890648842  8.436813
4491.6936712265  9.694427
4493.25843596459  3.334548
4494.82320070267  14.92674
4496.38796544075  5.234321
4497.95273017883  1.537753
4499.51749491692  1.632013
4501.082259655  -4.375023
4502.64702439308  -0.1022644
4504.21178913117  -10.02944
4505.77655386925  -5.67507
4507.34131860733  7.789371
4508.90608334542  0.7244015
4510.4708480835  -2.548845
4512.03561282158  5.879979
4513.60037755966  10.51548
4515.16514229775  -0.2961483
4516.72990703583  3.981035
4518.29467177391  4.908284
4519.85943651199  3.408947
4521.42420125008  5.324982
4522.98896598816  9.992259
4524.55373072624  -2.322933
4526.11849546433  -1.338367
4527.68326020241  5.687223
4529.24802494049  5.326921
4530.81278967858  4.043233
4532.37755441666  -2.112101
4533.94231915474  3.896596
4535.50708389282  3.568781
4537.07184863091  1.522145
4538.63661336899  9.178782
4540.20137810707  3.532572
4541.76614284516  5.839212
4543.33090758324  12.79379
4544.89567232132  8.36899
4546.4604370594  6.042734
4548.02520179749  9.527195
4549.58996653557  2.054805
4551.15473127365  3.921846
4552.71949601174  3.02101
4554.28426074982  3.006357
4555.8490254879  -4.561666
4557.41379022598  5.408264
4558.97855496407  -3.031591
4560.54331970215  3.0534
4562.10808444023  7.290686
4563.67284917832  4.125573
4565.2376139164  13.93041
4566.80237865448  8.328547
4568.36714339256  -39.36833
4569.93190813065  -70.87533
4571.49667286873  -26.81802
4573.06143760681  -6.642553
4574.6262023449  -17.33682
4576.19096708298  2.036054
4577.75573182106  12.79727
4579.32049655914  -5.672435
4580.88526129723  -5.231905
4582.45002603531  1.490107
4584.01479077339  0.1173019
4585.57955551148  -3.531416
4587.14432024956  11.79171
4588.70908498764  8.813616
4590.27384972573  5.464415
4591.83861446381  -4.261036
4593.40337920189  -3.19342
4594.96814393997  -2.426704
4596.53290867806  3.360011
4598.09767341614  9.235849
4599.66243815422  1.253469
4601.22720289231  10.79482
4602.79196763039  -0.4421196
4604.35673236847  -0.9213715
4605.92149710655  2.719999
4607.48626184464  1.726045
4609.05102658272  1.47865
4610.6157913208  -25.09405
4612.18055605889  -1.363081
4613.74532079697  1.328159
4615.31008553505  4.999614
4616.87485027313  1.044836
4618.43961501122  -0.3151875
4620.0043797493  9.66017
4621.56914448738  7.2987
4623.13390922547  16.80062
4624.69867396355  8.156277
4626.26343870163  4.543612
4627.82820343971  5.9395
4629.3929681778  1.79044
4630.95773291588  4.461396
4632.52249765396  1.323698
4634.08726239205  17.70311
4635.65202713013  9.252838
4637.21679186821  4.997513
4638.78155660629  -2.939833
4640.34632134438  -7.076845
4641.91108608246  4.569386
4643.47585082054  9.90979
4645.04061555863  5.59784
4646.60538029671  -4.370281
4648.17014503479  1.573181
4649.73490977288  1.797948
4651.29967451096  17.63471
4652.86443924904  3.24973
4654.42920398712  2.417315
4655.99396872521  1.160511
4657.55873346329  9.284945
4659.12349820137  4.307733
4660.68826293945  11.59357
4662.25302767754  1.347061
4663.81779241562  -9.647568
4665.3825571537  2.572113
4666.94732189179  5.268502
4668.51208662987  1.996956
4670.07685136795  11.3635
4671.64161610603  4.815232
4673.20638084412  -2.264014
4674.7711455822  18.64774
4676.33591032028  -4.941864
4677.90067505837  4.526079
4679.46543979645  7.046959
4681.03020453453  -2.757744
4682.59496927262  -4.568642
4684.1597340107  0.5462027
4685.72449874878  1.243208
4687.28926348686  6.818814
4688.85402822495  1.531767
4690.41879296303  7.632669
4691.98355770111  3.862041
4693.54832243919  4.800456
4695.11308717728  13.18869
4696.67785191536  12.27709
4698.24261665344  15.69134
4699.80738139153  4.56514
4701.37214612961  9.24719
4702.93691086769  9.782269
4704.50167560578  11.55918
4706.06644034386  7.902185
4707.63120508194  -9.920048
4709.19596982002  0.4248333
4710.76073455811  6.198883E-4
4712.32549929619  3.973403
4713.89026403427  2.712424
4715.45502877236  0.5500479
4717.01979351044  5.359186
4718.58455824852  2.003464
4720.1493229866  7.186521
4721.71408772469  -0.698082
4723.27885246277  7.99585
4724.84361720085  15.46685
4726.40838193894  9.142062
4727.97314667702  8.023929
4729.5379114151  12.41913
4731.10267615319  1.421852
4732.66744089127  -2.948011
4734.23220562935  11.62202
4735.79697036743  5.474047
4737.36173510552  0.1153383
4738.9264998436  6.555301
4740.49126458168  11.34423
4742.05602931977  10.68872
4743.62079405785  4.622566
4745.18555879593  7.101434
4746.75032353401  4.501413
4748.3150882721  -19.91942
4749.87985301018  -14.61717
4751.44461774826  -0.3933868
4753.00938248635  3.321381
4754.57414722443  1.857964
4756.13891196251  -1.8438
4757.7036767006  -1.868668
4759.26844143868  2.75902
4760.83320617676  4.776793
4762.39797091484  4.079136
4763.96273565293  3.002341
4765.52750039101  3.758365
4767.09226512909  3.537872
4768.65702986718  5.332094
4770.22179460526  2.15871
4771.78655934334  3.258724
4773.35132408142  6.992188
4774.91608881951  16.21844
4776.48085355759  16.62119
4778.04561829567  15.6866
4779.61038303375  9.772875
4781.17514777184  10.14098
4782.73991250992  1.963717
4784.304677248  -0.1805258
4785.86944198609  -4.088572
4787.43420672417  4.994359
4788.99897146225  5.44416
4790.56373620034  1.801414
4792.12850093842  1.330993
4793.6932656765  -0.3861732
4795.25803041458  5.189859
4796.82279515267  12.03821
4798.38755989075  11.48624
4799.95232462883  9.60539
4801.51708936692  -4.553015
4803.081854105  8.201169
4804.64661884308  12.10365
4806.21138358116  23.74393
4807.77614831925  8.726626
4809.34091305733  -8.637556
4810.90567779541  3.421175
4812.4704425335  8.293045
4814.03520727158  -4.0282
4815.59997200966  0.972415
4817.16473674774  7.499806
4818.72950148583  2.374659
4820.29426622391  7.530495
4821.85903096199  16.21186
4823.42379570008  11.67075
4824.98856043816  -0.8708496
4826.55332517624  14.1259
4828.11808991433  -0.377923
4829.68285465241  13.0911
4831.24761939049  10.99644
4832.81238412857  10.67548
4834.37714886666  -0.04071426
4835.94191360474  -8.364791
4837.50667834282  -1.189854
4839.07144308091  10.11743
4840.63620781899  8.898776
4842.20097255707  8.029569
4843.76573729515  -0.9866581
4845.33050203324  11.80254
4846.89526677132  4.519581
4848.4600315094  -8.063777
4850.02479624749  -0.8022823
4851.58956098557  10.6692
4853.15432572365  11.31857
4854.71909046173  -1.427628
4856.28385519982  -2.747341
4857.8486199379  10.30421
4859.41338467598  12.02838
4860.97814941406  2.900742
4862.54291415215  -2.15037
4864.10767889023  13.08479
4865.67244362831  9.615274
4867.2372083664  12.30082
4868.80197310448  15.45369
4870.36673784256  12.64908
4871.93150258065  -6.597589
4873.49626731873  11.85313
4875.06103205681  1.955074
4876.62579679489  0.2456741
4878.19056153298  19.47493
4879.75532627106  4.899644
4881.32009100914  14.41507
4882.88485574723  1.774623
4884.44962048531  -0.8705444
4886.01438522339  6.880067
4887.57914996147  -6.644363
4889.14391469956  4.676454
4890.70867943764  15.99366
4892.27344417572  0.00305748
4893.83820891381  7.328478
4895.40297365189  -1.38956
4896.96773838997  -7.816302
4898.53250312805  2.19343
4900.09726786614  16.05621
4901.66203260422  15.64071
4903.2267973423  6.946594
4904.79156208039  -2.59067
4906.35632681847  12.03053
4907.92109155655  19.39725
4909.48585629464  5.222415
4911.05062103272  8.774053
4912.6153857708  5.136589
4914.18015050888  10.98968
4915.74491524697  8.145231
4917.30967998505  9.152655
4918.87444472313  4.470781
4920.43920946121  7.451916
4922.0039741993  -7.58746
4923.56873893738  5.040243
4925.13350367546  5.094914
4926.69826841355  8.502264
4928.26303315163  16.53421
4929.82779788971  14.3956
4931.39256262779  0.7005596
4932.95732736588  17.60853
4934.52209210396  7.106656
4936.08685684204  8.432257
4937.65162158013  5.226827
4939.21638631821  -0.5491867
4940.78115105629  24.30573
4942.34591579438  10.27901
4943.91068053246  5.732697
4945.47544527054  9.860098
4947.04021000863  16.88617
4948.60497474671  8.268999
4950.16973948479  2.790141
4951.73450422287  1.892663
4953.29926896096  0.9961033
4954.86403369904  7.056123
4956.42879843712  3.51656
4957.99356317521  9.427739
4959.55832791329  4.315835
4961.12309265137  0.4445801
4962.68785738945  8.587093
4964.25262212754  6.14462
4965.81738686562  10.67045
4967.3821516037  9.989405
4968.94691634179  8.982494
4970.51168107987  7.848351
4972.07644581795  6.837361
4973.64121055603  10.46769
4975.20597529412  12.55434
4976.7707400322  13.95824
4978.33550477028  4.94721
4979.90026950836  6.754902
4981.46503424645  4.736162
4983.02979898453  11.56399
4984.59456372261  16.98518
4986.1593284607  9.677122
4987.72409319878  15.82124
4989.28885793686  15.9845
4990.85362267495  7.875376
4992.41838741303  13.94709
4993.98315215111  20.1727
4995.54791688919  9.051865
4997.11268162728  10.28428
4998.67744636536  -3.505844
5000.24221110344  -1.269953
5001.80697584153  18.76625
5003.37174057961  8.362589
5004.93650531769  10.99273
5006.50127005577  8.061165
5008.06603479386  5.80496
5009.63079953194  10.36407
5011.19556427002  7.842534
5012.76032900811  7.06841
5014.32509374619  0.8252478
5015.88985848427  8.278128
5017.45462322236  6.230973
5019.01938796044  -1.46253
5020.58415269852  -8.657301
5022.1489174366  -1.514257
5023.71368217469  13.11054
5025.27844691277  8.702744
5026.84321165085  7.634858
5028.40797638894  4.491693
5029.97274112702  -4.765068
5031.5375058651  14.52581
5033.10227060318  16.92978
5034.66703534127  12.3887
5036.23180007935  17.83521
5037.79656481743  17.82842
5039.36132955552  4.374692
5040.9260942936  11.0759
5042.49085903168  12.14191
5044.05562376976  4.602413
5045.62038850785  5.288719
5047.18515324593  7.873976
5048.74991798401  13.64651
5050.3146827221  16.29409
5051.87944746018  15.15099
5053.44421219826  3.213631
5055.00897693634  6.7601
5056.57374167443  12.69308
5058.13850641251  14.28922
5059.70327115059  10.61255
5061.26803588868  4.904118
5062.83280062676  4.139925
5064.39756536484  9.437945
5065.96233010292  10.22256
5067.52709484101  0.7982864
5069.09185957909  2.522652
5070.65662431717  7.41772
5072.22138905526  9.316871
5073.78615379334  8.535609
5075.35091853142  17.39997
5076.91568326951  22.1374
5078.48044800759  17.39804
5080.04521274567  19.39196
5081.60997748375  10.56812
5083.17474222184  17.41934
5084.73950695992  24.02346
5086.304271698  9.561243
5087.86903643609  13.13587
5089.43380117417  2.549143
5090.99856591225  21.16223
5092.56333065033  21.90853
5094.12809538842  8.595348
5095.6928601265  15.5942
5097.25762486458  8.871822
5098.82238960267  16.20227
5100.38715434075  19.70283
5101.95191907883  18.28889
5103.51668381691  18.32663
5105.081448555  14.63684
5106.64621329308  6.616302
5108.21097803116  14.7462
5109.77574276925  16.73705
5111.34050750733  24.91167
5112.90527224541  17.97342
5114.47003698349  9.253673
5116.03480172158  18.42405
5117.59956645966  15.92971
5119.16433119774  12.96696
5120.72909593582  19.40311
5122.29386067391  22.08157
5123.85862541199  19.87874
5125.42339015007  4.462241
5126.98815488816  2.536564
5128.55291962624  11.6111
5130.11768436432  18.24861
5131.68244910241  11.28077
5133.24721384049  9.178817
5134.81197857857  9.63859
5136.37674331665  13.05974
5137.94150805474  26.56516
5139.50627279282  16.79893
5141.0710375309  8.88375
5142.63580226899  19.06979
5144.20056700707  15.85168
5145.76533174515  14.19629
5147.33009648324  12.27051
5148.89486122132  2.857297
5150.4596259594  14.96009
5152.02439069748  16.54769
5153.58915543557  21.45957
5155.15392017365  28.18976
5156.71868491173  24.81319
5158.28344964981  14.1254
5159.8482143879  12.4037
5161.41297912598  15.07418
5162.97774386406  -0.7098274
5164.54250860215  6.349258
5166.10727334023  9.265711
5167.67203807831  6.228564
5169.2368028164  13.14953
5170.80156755448  18.8732
5172.36633229256  21.06691
5173.93109703064  18.45696
5175.49586176873  13.74377
5177.06062650681  12.587
5178.62539124489  14.49418
5180.19015598298  16.23218
5181.75492072106  21.89151
5183.31968545914  25.96387
5184.88445019723  19.58433
5186.44921493531  18.13298
5188.01397967339  15.48635
5189.57874441147  19.86636
5191.14350914956  25.86136
5192.70827388764  17.48878
5194.27303862572  13.46659
5195.8378033638  11.79869
5197.40256810189  18.91588
5198.96733283997  17.53067
5200.53209757805  14.88686
5202.09686231614  17.30367
5203.66162705422  8.57866
5205.2263917923  11.25967
5206.79115653038  14.0648
5208.35592126847  0.8272467
5209.92068600655  14.9391
5211.48545074463  9.563141
5213.05021548272  9.839912
5214.6149802208  23.61112
5216.17974495888  20.82353
5217.74450969697  9.798092
5219.30927443505  17.21315
5220.87403917313  16.18881
5222.43880391121  24.08898
5224.0035686493  13.75213
5225.56833338738  0.1805496
5227.13309812546  -0.7817516
5228.69786286355  10.31692
5230.26262760163  15.64676
5231.82739233971  25.6267
5233.39215707779  -3.486578
5234.95692181588  8.86738
5236.52168655396  6.243111
5238.08645129204  16.22567
5239.65121603013  3.45002
5241.21598076821  20.82786
5242.78074550629  6.306918
5244.34551024437  5.479824
5245.91027498246  8.351111
5247.47503972054  13.24492
5249.03980445862  10.24262
5250.60456919671  -0.7065783
5252.16933393479  1.536726
5253.73409867287  22.22406
5255.29886341096  24.00983
5256.86362814904  13.61852
5258.42839288712  7.458203
5259.9931576252  14.48044
5261.55792236329  11.08572
5263.12268710137  11.21218
5264.68745183945  22.31348
5266.25221657753  19.93885
5267.81698131562  22.28494
5269.3817460537  17.81606
5270.94651079178  7.120134
5272.51127552987  22.94976
5274.07604026795  6.143543
5275.64080500603  15.8819
5277.20556974412  13.92432
5278.7703344822  17.80834
5280.33509922028  24.32164
5281.89986395836  19.56994
5283.46462869645  10.96147
5285.02939343453  13.95885
5286.59415817261  10.20161
5288.1589229107  15.35951
5289.72368764878  24.39552
5291.28845238686  8.639956
5292.85321712494  12.06124
5294.41798186303  19.57652
5295.98274660111  14.9115
5297.54751133919  11.40262
5299.11227607728  23.83083
5300.67704081536  10.22998
5302.24180555344  23.90478
5303.80657029152  23.98658
5305.37133502961  21.90777
5306.93609976769  11.42066
5308.50086450577  7.732193
5310.06562924386  12.4058
5311.63039398194  25.44539
5313.19515872002  23.76028
5314.7599234581  -13.38154
5316.32468819619  -43.20348
5317.88945293427  0.853199
5319.45421767235  30.73054
5321.01898241044  21.94829
5322.58374714852  23.23419
5324.1485118866  28.27231
5325.71327662468  2.166103
5327.27804136277  23.38452
5328.84280610085  7.134931
5330.40757083893  18.37268
5331.97233557702  25.27879
5333.5371003151  12.39324
5335.10186505318  10.91382
5336.66662979126  7.917619
5338.23139452935  17.39322
5339.79615926743  8.620945
5341.36092400551  15.37639
5342.9256887436  22.26759
5344.49045348168  23.55332
5346.05521821976  10.70928
5347.61998295785  14.99891
5349.18474769593  19.7021
5350.74951243401  7.425867
5352.31427717209  12.30548
5353.87904191018  15.79418
5355.44380664826  9.549345
5357.00857138634  16.7664
5358.57333612443  17.03637
5360.13810086251  23.91668
5361.70286560059  9.564162
5363.26763033867  26.69999
5364.83239507676  17.56574
5366.39715981484  19.66153
5367.96192455292  24.97943
5369.52668929101  18.7511
5371.09145402909  18.77367
5372.65621876717  14.59861
5374.22098350526  12.10461
5375.78574824334  14.07379
5377.35051298142  23.57159
5378.9152777195  15.33586
5380.48004245759  9.00705
5382.04480719567  14.52314
5383.60957193375  21.84162
5385.17433667183  27.23191
5386.73910140992  25.48079
5388.303866148  8.169501
5389.86863088608  27.25944
5391.43339562417  6.017804
5392.99816036225  15.49268
5394.56292510033  10.29687
5396.12768983842  13.53375
5397.6924545765  9.035978
5399.25721931458  18.70297
5400.82198405266  10.95511
5402.38674879075  23.2318
5403.95151352883  21.41764
5405.51627826691  24.2912
5407.081043005  5.090647
5408.64580774308  16.06092
5410.21057248116  16.3279
5411.77533721925  28.92137
5413.34010195733  11.80594
5414.90486669541  12.9455
5416.46963143349  10.06327
5418.03439617158  28.02989
5419.59916090966  19.4765
5421.16392564774  7.649934
5422.72869038582  21.7161
5424.29345512391  22.80271
5425.85821986199  21.38713
5427.42298460007  28.72645
5428.98774933816  41.32353
5430.55251407624  21.78558
5432.11727881432  23.47692
5433.68204355241  22.0448
5435.24680829049  16.91306
5436.81157302857  25.21764
5438.37633776665  19.76118
5439.94110250474  30.54446
5441.50586724282  12.59092
5443.0706319809  4.815935
5444.63539671898  13.7006
5446.20016145707  16.74754
5447.76492619515  2.020119
5449.32969093323  16.66175
5450.89445567132  15.68307
5452.4592204094  12.19448
5454.02398514748  13.73778
5455.58874988557  16.35661
5457.15351462365  28.43994
5458.71827936173  30.87239
5460.28304409981  12.77493
5461.8478088379  16.03172
5463.41257357598  30.86377
5464.97733831406  28.18232
5466.54210305215  28.61274
5468.10686779023  16.84119
5469.67163252831  14.31573
5471.23639726639  23.84112
5472.80116200448  18.20139
5474.36592674256  20.08138
5475.93069148064  20.03078
5477.49545621872  16.007
5479.06022095681  16.29706
5480.62498569489  27.68604
5482.18975043297  22.2702
5483.75451517106  20.82569
5485.31927990914  16.96758
5486.88404464722  14.11358
5488.44880938531  17.58636
5490.01357412339  19.27821
5491.57833886147  10.56369
5493.14310359955  15.95679
5494.70786833764  10.57815
5496.27263307572  24.07872
5497.8373978138  16.2368
5499.40216255189  31.7879
5500.96692728997  25.43079
5502.53169202805  5.16995
5504.09645676613  23.47546
5505.66122150422  5.191239
5507.2259862423  5.839731
5508.79075098038  8.92555
5510.35551571847  15.7879
5511.92028045655  16.66219
5513.48504519463  -7.496905
5515.04980993271  19.40759
5516.6145746708  31.48259
5518.17933940888  40.83459
5519.74410414696  18.68135
5521.30886888505  26.66577
5522.87363362313  8.316535
5524.43839836121  16.18338
5526.0031630993  16.72424
5527.56792783738  26.37887
5529.13269257546  12.60337
5530.69745731354  22.48655
5532.26222205163  25.33909
5533.82698678971  18.32628
5535.39175152779  19.40655
5536.95651626588  8.551707
5538.52128100396  18.48961
5540.08604574204  15.0525
5541.65081048012  11.76741
5543.21557521821  17.23753
5544.78033995629  17.20058
5546.34510469437  25.76101
5547.90986943246  30.83527
5549.47463417054  27.11508
5551.03939890862  16.04311
5552.6041636467  19.52577
5554.16892838479  33.1057
5555.73369312287  26.68756
5557.29845786095  16.84882
5558.86322259904  9.786709
5560.42798733712  20.08917
5561.9927520752  10.03966
5563.55751681328  34.47612
5565.12228155137  8.865481
5566.68704628945  27.06433
5568.25181102753  32.71107
5569.81657576562  20.10901
5571.3813405037  11.11213
5572.94610524178  5.289463
5574.51086997986  46.78891
5576.07563471795  21.58516
5577.64039945603  -5.558731
5579.20516419411  -26.93441
5580.7699289322  -15.00885
5582.33469367028  30.92567
5583.89945840836  27.75034
5585.46422314644  25.13268
5587.02898788453  19.9931
5588.59375262261  25.37516
5590.15851736069  35.7895
5591.72328209878  19.93664
5593.28804683686  30.4766
5594.85281157494  26.25413
5596.41757631302  17.35717
5597.98234105111  23.51562
5599.54710578919  13.20324
5601.11187052727  -0.7053881
5602.67663526536  16.89459
5604.24140000344  18.97439
5605.80616474152  13.09366
5607.37092947961  -12.50173
5608.93569421769  18.1658
5610.50045895577  21.84427
5612.06522369385  15.30919
5613.62998843194  14.20983
5615.19475317002  9.207842
5616.7595179081  23.22437
5618.32428264619  33.76686
5619.88904738427  30.16263
5621.45381212235  22.65823
5623.01857686043  20.48051
5624.58334159852  21.29239
5626.1481063366  26.48747
5627.71287107468  21.92752
5629.27763581277  23.65191
5630.84240055085  20.02434
5632.40716528893  20.82959
5633.97193002701  12.67583
5635.5366947651  25.32089
5637.10145950318  26.86698
5638.66622424126  24.77645
5640.23098897935  10.93597
5641.79575371743  11.54613
5643.36051845551  20.74759
5644.9252831936  28.41169
5646.49004793168  14.46111
5648.05481266976  34.95155
5649.61957740784  16.52348
5651.18434214593  20.1141
5652.74910688401  23.25422
5654.31387162209  28.24099
5655.87863636017  32.48324
5657.44340109826  23.03695
5659.00816583634  23.18167
5660.57293057442  27.56709
5662.13769531251  29.04488
5663.70246005059  18.06552
5665.26722478867  34.73578
5666.83198952676  34.98298
5668.39675426484  30.21864
5669.96151900292  11.69766
5671.526283741  30.81128
5673.09104847909  27.03603
5674.65581321717  8.555975
5676.22057795525  21.30738
5677.78534269334  26.35358
5679.35010743142  26.97232
5680.9148721695  33.57597
5682.47963690759  39.60101
5684.04440164567  17.79995
5685.60916638375  20.56589
5687.17393112183  26.80315
5688.73869585992  28.03388
5690.303460598  13.22658
5691.86822533608  30.48999
5693.43299007416  19.63108
5694.99775481225  29.30939
5696.56251955033  20.14833
5698.12728428841  21.84878
5699.6920490265  24.77289
5701.25681376458  25.7335
5702.82157850266  26.02425
5704.38634324074  22.57782
5705.95110797883  39.06336
5707.51587271691  28.44041
5709.08063745499  17.06716
5710.64540219308  22.93581
5712.21016693116  21.20549
5713.77493166924  26.12451
5715.33969640732  34.16563
5716.90446114541  28.33093
5718.46922588349  27.64077
5720.03399062157  29.38945
5721.59875535966  18.56347
5723.16352009774  13.79294
5724.72828483582  32.62327
5726.2930495739  35.83267
5727.85781431199  28.73823
5729.42257905007  26.67442
5730.98734378815  30.23656
5732.55210852624  24.45768
5734.11687326432  16.24989
5735.6816380024  22.38387
5737.24640274049  24.76734
5738.81116747857  11.18588
5740.37593221665  18.22257
5741.94069695473  27.99618
5743.50546169282  22.01413
5745.0702264309  21.55694
5746.63499116898  18.80746
5748.19975590706  22.32735
5749.76452064515  21.67975
5751.32928538323  26.4518
5752.89405012131  31.20682
5754.4588148594  30.3437
5756.02357959748  26.03231
5757.58834433556  28.13744
5759.15310907365  33.09917
5760.71787381173  34.12538
5762.28263854981  17.02173
5763.84740328789  33.64449
5765.41216802598  39.49332
5766.97693276406  26.9262
5768.54169750214  32.27418
5770.10646224023  30.64883
5771.67122697831  23.12746
5773.23599171639  14.85347
5774.80075645448  21.05168
5776.36552119256  24.05434
5777.93028593064  33.6883
5779.49505066872  21.76989
5781.05981540681  24.5517
5782.62458014489  34.66502
5784.18934488297  35.74776
5785.75410962105  31.80972
5787.31887435914  33.64642
5788.88363909722  20.66429
5790.4484038353  26.41312
5792.01316857339  16.90261
5793.57793331147  29.42275
5795.14269804955  32.64371
5796.70746278764  27.37564
5798.27222752572  21.97726
5799.8369922638  24.39298
5801.40175700188  37.21585
5802.96652173997  26.74745
5804.53128647805  23.71586
5806.09605121613  17.88064
5807.66081595421  22.21678
5809.2255806923  17.01377
5810.79034543038  27.42432
5812.35511016846  24.43696
5813.91987490655  20.06732
5815.48463964463  35.39128
5817.04940438271  28.73818
5818.61416912079  23.4437
5820.17893385888  32.46843
5821.74369859696  22.41736
5823.30846333504  28.2589
5824.87322807313  30.34899
5826.43799281121  21.97737
5828.00275754929  21.63848
5829.56752228738  36.51125
5831.13228702546  28.94586
5832.69705176354  16.87875
5834.26181650163  26.11053
5835.82658123971  26.23543
5837.39134597779  31.24946
5838.95611071587  20.80281
5840.52087545396  35.86367
5842.08564019204  29.19268
5843.65040493012  33.37385
5845.21516966821  20.27798
5846.77993440629  23.69128
5848.34469914437  30.98719
5849.90946388245  20.81369
5851.47422862054  35.22894
5853.03899335862  21.21272
5854.6037580967  31.11802
5856.16852283479  29.65992
5857.73328757287  16.51297
5859.29805231095  18.9123
5860.86281704903  21.87556
5862.42758178712  21.3707
5863.9923465252  31.30226
5865.55711126328  37.94609
5867.12187600136  21.60256
5868.68664073945  14.36677
5870.25140547753  20.69148
5871.81617021561  37.74459
5873.3809349537  5.272962
5874.94569969178  21.02936
5876.51046442986  26.42105
5878.07522916795  17.01841
5879.63999390603  17.29406
5881.20475864411  16.50835
5882.76952338219  25.06105
5884.33428812028  11.409
5885.89905285836  32.49451
5887.46381759644  39.106
5889.02858233453  8.131542
5890.59334707261  47.90853
5892.15811181069  2.892757
5893.72287654878  13.62619
5895.28764128686  31.776
5896.85240602494  18.02697
5898.41717076302  -0.8104725
5899.98193550111  25.15963
5901.54670023919  20.08636
5903.11146497727  22.49336
5904.67622971535  31.11712
5906.24099445344  31.49086
5907.80575919152  35.49211
5909.3705239296  22.41083
5910.93528866769  14.75864
5912.50005340577  27.58511
5914.06481814385  34.08877
5915.62958288194  25.34662
5917.19434762002  -39.49612
5918.7591123581  -68.84533
5920.32387709618  30.22219
5921.88864183427  27.54272
5923.45340657235  36.38383
5925.01817131043  34.00821
5926.58293604852  30.55726
5928.1477007866  28.11886
5929.71246552468  31.08784
5931.27723026276  23.6139
5932.84199500085  28.06404
5934.40675973893  24.34163
5935.97152447701  31.69853
5937.5362892151  25.61351
5939.10105395318  15.34343
5940.66581869126  23.10236
5942.23058342934  25.93802
5943.79534816743  35.86102
5945.36011290551  24.87464
5946.92487764359  25.25539
5948.48964238168  32.75392
5950.05440711976  28.91623
5951.61917185784  41.67743
5953.18393659593  26.68305
5954.74870133401  33.14583
5956.31346607209  23.12615
5957.87823081017  30.62309
5959.44299554826  31.07597
5961.00776028634  31.56559
5962.57252502442  32.41756
5964.13728976251  18.53293
5965.70205450059  25.18951
5967.26681923867  20.16058
5968.83158397675  35.27728
5970.39634871484  28.63939
5971.96111345292  16.43977
5973.525878191  41.03966
5975.09064292908  24.04912
5976.65540766717  20.25196
5978.22017240525  12.29461
5979.78493714333  30.78611
5981.34970188142  36.28047
5982.9144666195  26.87029
5984.47923135758  35.62349
5986.04399609567  25.88027
5987.60876083375  17.55059
5989.17352557183  27.04478
5990.73829030991  32.20623
5992.303055048  30.86806
5993.86781978608  27.4121
5995.43258452416  34.2051
5996.99734926224  17.58896
5998.56211400033  23.74646
6000.12687873841  27.31887
6001.69164347649  14.79442
6003.25640821458  27.22636
6004.82117295266  26.83437
6006.38593769074  14.26564
6007.95070242883  28.74036
6009.51546716691  37.62929
6011.08023190499  28.63106
6012.64499664307  25.78061
6014.20976138116  31.95938
6015.77452611924  18.21466
6017.33929085732  22.88683
6018.90405559541  32.25813
6020.46882033349  43.64455
6022.03358507157  28.54048
6023.59834980965  21.7035
6025.16311454774  32.01407
6026.72787928582  39.37551
6028.2926440239  19.14594
6029.85740876199  29.83348
6031.42217350007  28.28562
6032.98693823815  16.89269
6034.55170297624  36.03217
6036.11646771432  22.37459
6037.6812324524  29.22911
6039.24599719048  35.07899
6040.81076192857  26.65088
6042.37552666665  25.28864
6043.94029140473  26.81541
6045.50505614281  24.02277
6047.0698208809  29.04881
6048.63458561898  9.400392
6050.19935035706  29.11394
6051.76411509515  30.7479
6053.32887983323  30.2255
6054.89364457131  29.47388
6056.4584093094  34.54697
6058.02317404748  28.74712
6059.58793878556  29.28919
6061.15270352365  18.08671
6062.71746826173  22.25144
6064.28223299981  18.06703
6065.84699773789  20.88525
6067.41176247598  28.52632
6068.97652721406  25.70813
6070.54129195214  29.7343
6072.10605669023  27.98933
6073.67082142831  23.04351
6075.23558616639  22.83147
6076.80035090447  23.35959
6078.36511564256  28.27019
6079.92988038064  26.72032
6081.49464511872  25.49182
6083.0594098568  23.22838
6084.62417459489  21.89861
6086.18893933297  25.6987
6087.75370407105  36.72015
6089.31846880914  23.99507
6090.88323354722  21.93092
6092.4479982853  35.41982
6094.01276302338  33.09945
6095.57752776147  22.80746
6097.14229249955  19.84301
6098.70705723763  36.64085
6100.27182197572  19.17584
6101.8365867138  27.67182
6103.40135145188  25.64392
6104.96611618997  34.44643
6106.53088092805  25.14598
6108.09564566613  25.15297
6109.66041040421  24.91739
6111.2251751423  27.2577
6112.78993988038  28.67763
6114.35470461846  38.15174
6115.91946935655  28.45699
6117.48423409463  14.5467
6119.04899883271  27.84577
6120.61376357079  29.12575
6122.17852830888  29.94792
6123.74329304696  18.59896
6125.30805778504  20.96944
6126.87282252313  40.41682
6128.43758726121  34.67911
6130.00235199929  28.9602
6131.56711673737  26.13449
6133.13188147546  22.16777
6134.69664621354  23.77922
6136.26141095162  27.78323
6137.82617568971  31.19495
6139.39094042779  26.90765
6140.95570516587  20.15635
6142.52046990396  31.54349
6144.08523464204  40.1306
6145.64999938012  31.29567
6147.2147641182  21.61493
6148.77952885629  25.98414
6150.34429359437  25.38514
6151.90905833245  31.65595
6153.47382307053  25.1674
6155.03858780862  21.91176
6156.6033525467  8.805086
6158.16811728478  -2.021274
6159.73288202287  7.672608
6161.29764676095  23.96569
6162.86241149903  24.20456
6164.42717623712  23.73791
6165.9919409752  20.39901
6167.55670571328  24.54135
6169.12147045136  27.05545
6170.68623518945  28.91093
6172.25099992753  32.14265
6173.81576466561  26.18346
6175.3805294037  30.28138
6176.94529414178  30.57811
6178.51005887986  37.87952
6180.07482361794  33.47976
6181.63958835603  23.82085
6183.20435309411  19.58371
6184.76911783219  26.77942
6186.33388257028  26.7476
6187.89864730836  24.67502
6189.46341204644  28.41027
6191.02817678452  23.16394
6192.59294152261  38.15549
6194.15770626069  28.96607
6195.72247099877  27.62851
6197.28723573686  28.26005
6198.85200047494  26.80267
6200.41676521302  12.27138
6201.9815299511  28.99178
6203.54629468919  21.28375
6205.11105942727  21.58924
6206.67582416535  24.01795
6208.24058890343  28.98122
6209.80535364152  27.26306
6211.3701183796  22.41435
6212.93488311769  21.01644
6214.49964785577  30.25736
6216.06441259385  20.3075
6217.62917733193  30.06243
6219.19394207002  5.072597
6220.7587068081  14.14528
6222.32347154618  33.20015
6223.88823628426  26.16521
6225.45300102235  23.17384
6227.01776576043  28.34585
6228.58253049851  31.51047
6230.1472952366  22.71419
6231.71205997468  28.30866
6233.27682471276  17.20027
6234.84158945085  22.23773
6236.40635418893  22.2063
6237.97111892701  30.18411
6239.53588366509  30.32082
6241.10064840318  30.52275
6242.66541314126  25.25921
6244.23017787934  22.17943
6245.79494261742  22.02462
6247.35970735551  27.98075
6248.92447209359  28.19011
6250.48923683167  7.168281
6252.05400156976  10.76118
6253.61876630784  31.43715
6255.18353104592  27.74402
6256.74829578401  20.91574
6258.31306052209  18.90227
6259.87782526017  -0.3397169
6261.44258999825  12.60586
6263.00735473634  26.34038
6264.57211947442  30.12899
6266.1368842125  31.30757
6267.70164895059  24.95858
6269.26641368867  134.2996
6270.83117842675  760.8038
6272.39594316484  173.1748
6273.96070790292  -7.678526
6275.525472641  30.02942
6277.09023737908  16.28885
6278.65500211717  19.49139
6280.21976685525  21.18113
6281.78453159333  15.54377
6283.34929633141  17.23468
6284.9140610695  31.16654
6286.47882580758  24.17354
6288.04359054566  20.52479
6289.60835528375  20.61404
6291.17312002183  32.14413
6292.73788475991  33.94952
6294.302649498  26.70267
6295.86741423608  23.98456
6297.43217897416  26.43021
6298.99694371224  28.96039
6300.56170845033  24.1689
6302.12647318841  24.25939
6303.69123792649  36.94429
6305.25600266458  30.33958
6306.82076740266  21.60562
6308.38553214074  15.54477
6309.95029687882  24.31961
6311.51506161691  36.31529
6313.07982635499  22.16388
6314.64459109307  23.22701
6316.20935583116  23.96475
6317.77412056924  29.38518
6319.33888530732  23.16381
6320.9036500454  24.37117
6322.46841478349  27.64079
6324.03317952157  28.86407
6325.59794425965  19.46483
6327.16270899774  27.15652
6328.72747373582  29.16396
6330.2922384739  17.88107
6331.85700321198  23.83873
6333.42176795007  25.293
6334.98653268815  19.17303
6336.55129742623  23.44915
6338.11606216432  25.70772
6339.6808269024  28.88728
6341.24559164048  18.26169
6342.81035637857  8.958899
6344.37512111665  22.97676
6345.93988585473  30.35424
6347.50465059281  24.82818
6349.0694153309  21.16137
6350.63418006898  21.32269
6352.19894480706  28.73271
6353.76370954514  30.96507
6355.32847428323  24.55725
6356.89323902131  22.87053
6358.45800375939  26.85917
6360.02276849748  25.32258
6361.58753323556  30.30124
6363.15229797364  17.02466
6364.71706271172  15.03565
6366.28182744981  22.89384
6367.84659218789  20.33186
6369.41135692597  15.19422
6370.97612166406  25.75875
6372.54088640214  27.15875
6374.10565114022  23.28165
6375.67041587831  28.46516
6377.23518061639  20.8726
6378.79994535447  19.79249
6380.36471009255  30.63496
6381.92947483064  27.56825
6383.49423956872  20.56956
6385.0590043068  24.01948
6386.62376904489  1.893898
6388.18853378297  7.109033
6389.75329852105  12.80387
6391.31806325913  18.34347
6392.88282799722  24.14172
6394.4475927353  24.37936
6396.01235747338  27.908
6397.57712221147  25.6816
6399.14188694955  19.72318
6400.70665168763  19.09023
6402.27141642571  23.3299
6403.8361811638  22.45177
6405.40094590188  26.90182
6406.96571063996  27.04097
6408.53047537805  24.07318
6410.09524011613  24.67193
6411.66000485421  23.29462
6413.22476959229  29.12977
6414.78953433038  21.67528
6416.35429906846  21.77928
6417.91906380654  28.46592
6419.48382854463  26.36604
6421.04859328271  23.90389
6422.61335802079  22.41449
6424.17812275888  15.48885
6425.74288749696  17.85681
6427.30765223504  22.18065
6428.87241697312  20.76552
6430.43718171121  16.619
6432.00194644929  24.61244
6433.56671118737  23.51508
6435.13147592546  22.03273
6436.69624066354  28.16505
6438.26100540162  26.86152
6439.8257701397  23.82961
6441.39053487779  18.1681
6442.95529961587  23.19778
6444.52006435395  30.12015
6446.08482909204  24.52211
6447.64959383012  19.78299
6449.2143585682  24.87879
6450.77912330628  26.05831
6452.34388804437  25.98445
6453.90865278245  26.54737
6455.47341752053  25.1945
6457.03818225861  27.59016
6458.6029469967  25.81655
6460.16771173478  24.20762
6461.73247647286  21.84756
6463.29724121095  26.42989
6464.86200594903  30.41582
6466.42677068711  20.7792
6467.9915354252  18.57074
6469.55630016328  22.89142
6471.12106490136  20.51435
6472.68582963944  18.57014
6474.25059437753  20.55101
6475.81535911561  26.50546
6477.38012385369  22.28697
6478.94488859177  18.56748
6480.50965332986  21.38427
6482.07441806794  22.24139
6483.63918280603  28.43684
6485.20394754411  19.39229
6486.76871228219  18.77365
6488.33347702027  27.65009
6489.89824175836  25.08938
6491.46300649644  21.36139
6493.02777123452  22.16726
6494.59253597261  20.69042
6496.15730071069  18.81614
6497.72206544877  20.50738
6499.28683018686  21.3767
6500.85159492494  21.45465
6502.41635966302  15.7319
6503.9811244011  23.49146
6505.54588913919  24.35579
6507.11065387727  12.56436
6508.67541861535  22.68651
6510.24018335343  26.55987
6511.80494809152  14.6598
6513.3697128296  22.24049
6514.93447756768  16.56271
6516.49924230577  17.82328
6518.06400704385  28.52266
6519.62877178193  22.18533
6521.19353652002  22.57204
6522.7583012581  18.24779
6524.32306599618  25.39503
6525.88783073426  21.84924
6527.45259547235  22.17759
6529.01736021043  5.590762
6530.58212494851  -33.9453
6532.14688968659  -7.02399
6533.71165442468  23.99574
6535.27641916276  24.17489
6536.84118390084  27.98041
6538.40594863893  25.64116
6539.97071337701  19.34503
6541.53547811509  17.00965
6543.10024285317  19.76381
6544.66500759126  22.80948
6546.22977232934  17.91023
6547.79453706742  18.6916
6549.35930180551  22.16288
6550.92406654359  27.66111
6552.48883128167  24.15775
6554.05359601976  20.22703
6555.61836075784  20.86189
6557.18312549592  18.0328
6558.74789023401  20.64505
6560.31265497209  24.02175
6561.87741971017  20.93858
6563.44218444825  18.69551
6565.00694918634  18.59377
6566.57171392442  19.31139
6568.1364786625  20.70436
6569.70124340058  21.92369
6571.26600813867  21.7989
6572.83077287675  16.23997
6574.39553761483  18.53798
6575.96030235292  20.84172
6577.525067091  14.71548
6579.08983182908  12.6242
6580.65459656716  21.5889
6582.21936130525  13.54634
6583.78412604333  18.74369
6585.34889078141  17.73806
6586.9136555195  22.81199
6588.47842025758  28.0452
6590.04318499566  17.82621
6591.60794973374  17.8697
6593.17271447183  19.56008
6594.73747920991  10.68953
6596.30224394799  21.0237
6597.86700868608  17.0248
6599.43177342416  14.94551
6600.99653816224  10.33191
6602.56130290032  10.24201
6604.12606763841  22.98921
6605.69083237649  14.50257
6607.25559711457  16.49705
6608.82036185266  20.8828
6610.38512659074  20.01894
6611.94989132882  11.6707
6613.51465606691  13.30271
6615.07942080499  18.93301
6616.64418554307  13.76598
6618.20895028115  13.27863
6619.77371501924  18.7122
6621.33847975732  17.23521
6622.9032444954  15.34977
6624.46800923348  22.45872
6626.03277397157  16.57667
6627.59753870965  21.91758
6629.16230344773  20.63327
6630.72706818582  23.72356
6632.2918329239  22.75335
6633.85659766198  17.71087
6635.42136240007  -2.372309
6636.98612713815  -17.60457
6638.55089187623  8.962057
6640.11565661432  15.15048
6641.6804213524  21.60558
6643.24518609048  23.1314
6644.80995082856  21.84677
6646.37471556665  21.39659
6647.93948030473  14.0203
6649.50424504281  18.67795
6651.06900978089  18.22536
6652.63377451898  17.34555
6654.19853925706  22.55357
6655.76330399514  15.43928
6657.32806873322  17.11816
6658.89283347131  3.154662
6660.45759820939  14.90858
6662.02236294747  24.4904
6663.58712768556  13.01375
6665.15189242364  13.88928
6666.71665716172  20.1626
6668.28142189981  10.43113
6669.84618663789  17.63305
6671.41095137597  19.79079
6672.97571611406  20.76397
6674.54048085214  21.49461
6676.10524559022  15.39584
6677.6700103283  11.24295
6679.23477506639  17.94942
6680.79953980447  20.11263
6682.36430454255  18.58734
6683.92906928063  15.37654
6685.49383401872  16.96184
6687.0585987568  -37.42228
6688.62336349488  -4.233624
6690.18812823297  19.22286
6691.75289297105  27.1409
6693.31765770913  16.50195
6694.88242244722  18.04961
6696.4471871853  17.42159
6698.01195192338  19.71243
6699.57671666146  10.98
6701.14148139955  16.18859
6702.70624613763  15.56999
6704.27101087571  28.40882
6705.8357756138  17.65253
6707.40054035188  20.38821
6708.96530508996  13.84403
6710.53006982805  26.96562
6712.09483456613  21.0545
6713.65959930421  20.03886
6715.22436404229  18.29121
6716.78912878038  12.6615
6718.35389351846  11.10562
6719.91865825654  21.95624
6721.48342299463  15.12143
6723.04818773271  13.15797
6724.61295247079  17.84366
6726.17771720887  18.03001
6727.74248194696  15.75904
6729.30724668504  13.60661
6730.87201142312  8.066923
6732.43677616121  6.590254
6734.00154089929  21.34633
6735.56630563737  15.74969
6737.13107037545  5.899205
6738.69583511354  9.008052
6740.26059985162  18.57565
6741.8253645897  7.930655
6743.39012932778  10.49993
6744.95489406587  9.991996
6746.51965880395  16.60323
6748.08442354203  15.24506
6749.64918828012  17.66537
6751.2139530182  14.97463
6752.77871775628  11.26265
6754.34348249437  14.22574
6755.90824723245  14.82183
6757.47301197053  6.682606
6759.03777670861  17.48954
6760.6025414467  17.38918
6762.16730618478  20.36257
6763.73207092286  21.96352
6765.29683566095  17.98941
6766.86160039903  16.43671
6768.42636513711  19.74916
6769.9911298752  14.06141
6771.55589461328  17.70942
6773.12065935136  15.59544
6774.68542408944  18.37479
6776.25018882753  14.81666
6777.81495356561  28.77691
6779.37971830369  18.04362
6780.94448304177  17.18391
6782.50924777986  22.67353
6784.07401251794  25.16634
6785.63877725602  17.09629
6787.20354199411  15.07353
6788.76830673219  14.6309
6790.33307147027  15.48855
6791.89783620836  17.35758
6793.46260094644  23.04498
6795.02736568452  18.74485
6796.5921304226  11.70686
6798.15689516069  16.87502
6799.72165989877  16.15595
6801.28642463685  19.70604
6802.85118937494  9.376778
6804.41595411302  17.24355
6805.9807188511  15.72415
6807.54548358918  17.68247
6809.11024832727  16.29715
6810.67501306535  15.86429
6812.23977780343  24.12456
6813.80454254151  16.60449
6815.3693072796  16.06289
6816.93407201768  19.52099
6818.49883675576  11.14739
6820.06360149385  18.23544
6821.62836623193  25.41398
6823.19313097001  15.87649
6824.7578957081  16.38788
6826.32266044618  21.61147
6827.88742518426  20.19637
6829.45218992235  19.06272
6831.01695466043  17.29959
6832.58171939851  18.5778
6834.14648413659  16.8146
6835.71124887468  14.75172
6837.27601361276  17.38351
6838.84077835084  20.10202
6840.40554308892  13.48872
6841.97030782701  15.63033
6843.53507256509  12.90944
6845.09983730317  16.40142
6846.66460204126  19.31918
6848.22936677934  21.04403
6849.79413151742  -11.50213
6851.3588962555  -34.62566
6852.92366099359  -30.27717
6854.48842573167  -4.967205
6856.05319046975  -3.153718
6857.61795520784  7.360471
6859.18271994592  15.76831
6860.747484684  16.64523
6862.31224942209  17.10786
6863.87701416017  16.66304
6865.44177889825  16.07341
6867.00654363633  20.42739
6868.57130837442  10.63948
6870.1360731125  12.24017
6871.70083785058  -7.26966
6873.26560258867  -26.74278
6874.83036732675  -8.907215
6876.39513206483  -7.608347
6877.95989680291  -20.26731
6879.524661541  -14.04354
6881.08942627908  -16.84165
6882.65419101716  -1.209338
6884.21895575525  2.157867
6885.78372049333  12.43973
6887.34848523141  13.80644
6888.91324996949  14.1865
6890.47801470758  20.01238
6892.04277944566  12.22613
6893.60754418374  15.21199
6895.17230892182  13.75145
6896.73707365991  16.76369
6898.30183839799  13.02888
6899.86660313607  11.90204
6901.43136787416  15.77049
6902.99613261224  6.563169
6904.56089735032  -3.455538
6906.12566208841  0.2178321
6907.69042682649  14.45311
6909.25519156457  17.87391
6910.81995630266  16.46221
6912.38472104074  12.66895
6913.94948577882  0.4373512
6915.5142505169  7.616318
6917.07901525499  22.28932
6918.64377999307  15.3207
6920.20854473115  10.18399
6921.77330946923  16.67954
6923.33807420732  17.35978
6924.9028389454  18.59037
6926.46760368348  18.65489
6928.03236842157  16.78048
6929.59713315965  14.24532
6931.16189789773  11.13769
6932.72666263582  12.12953
6934.2914273739  15.44367
6935.85619211198  16.08581
6937.42095685006  10.44157
6938.98572158815  14.80592
6940.55048632623  15.31556
6942.11525106431  13.65997
6943.6800158024  18.57797
6945.24478054048  14.56125
6946.80954527856  12.87155
6948.37431001664  13.74525
6949.93907475473  13.88902
6951.50383949281  13.44497
6953.06860423089  18.36342
6954.63336896898  23.61893
6956.19813370706  14.81169
6957.76289844514  13.06687
6959.32766318322  16.34349
6960.89242792131  16.7955
6962.45719265939  19.66738
6964.02195739747  21.4418
6965.58672213556  19.45259
6967.15148687364  16.41316
6968.71625161172  16.49028
6970.2810163498  14.75203
6971.84578108789  8.51363
6973.41054582597  13.83186
6974.97531056405  19.15714
6976.54007530214  14.43864
6978.10484004022  8.909129
6979.6696047783  14.90955
6981.23436951639  12.94621
6982.79913425447  17.1707
6984.36389899255  13.71944
6985.92866373063  13.28174
6987.49342846872  14.17196
6989.0581932068  12.00307
6990.62295794488  13.09944
6992.18772268297  15.48223
6993.75248742105  10.84759
6995.31725215913  10.69802
6996.88201689722  20.25457
6998.4467816353  12.95721
7000.01154637338  17.57234
7001.57631111146  11.13876
7003.14107584955  12.40416
7004.70584058763  12.04757
7006.27060532571  22.33722
7007.83537006379  12.40551
7009.40013480188  -12.01341
7010.96489953996  -9.329064
7012.52966427804  19.27457
7014.09442901613  12.17638
7015.65919375421  11.28562
7017.22395849229  20.20834
7018.78872323037  9.542256
7020.35348796846  9.947674
7021.91825270654  9.736948
7023.48301744462  14.5175
7025.04778218271  18.04967
7026.61254692079  11.89043
7028.17731165887  17.33997
7029.74207639695  15.88582
7031.30684113504  17.45989
7032.87160587312  10.10697
7034.4363706112  21.21578
7036.00113534929  22.04645
7037.56590008737  17.5185
7039.13066482545  20.09119
7040.69542956354  13.76663
7042.26019430162  26.30799
7043.8249590397  2.052193
7045.38972377778  4.816593
7046.95448851587  19.20458
7048.51925325395  10.88528
7050.08401799203  12.04936
7051.64878273011  6.471678
7053.2135474682  8.207378
7054.77831220628  17.04784
7056.34307694436  9.387156
7057.90784168245  10.22169
7059.47260642053  17.5846
7061.03737115861  11.75353
7062.60213589669  19.97408
7064.16690063478  13.04256
7065.73166537286  19.6998
7067.29643011094  11.27439
7068.86119484903  16.26906
7070.42595958711  18.41292
7071.99072432519  18.06816
7073.55548906328  8.74551
7075.12025380136  13.19552
7076.68501853944  24.12348
7078.24978327752  3.972834
7079.81454801561  14.61773
7081.37931275369  9.361265
7082.94407749177  12.4981
7084.50884222985  9.027287
7086.07360696794  18.79716
7087.63837170602  7.855043
7089.2031364441  10.39459
7090.76790118219  9.434071
7092.33266592027  23.03459
7093.89743065835  14.28143
7095.46219539644  19.58674
7097.02696013452  7.746336
7098.5917248726  8.483135
7100.15648961068  -2.947132
7101.72125434877  9.048739
7103.28601908685  21.59462
7104.85078382493  31.12434
7106.41554856302  19.70374
7107.9803133011  14.63443
7109.54507803918  20.90852
7111.10984277727  21.86866
7112.67460751535  17.96769
7114.23937225343  24.92168
7115.80413699151  15.14684
7117.3689017296  -19.9563
7118.93366646768  17.43622
7120.49843120576  14.48367
7122.06319594385  14.1478
7123.62796068193  17.20383
7125.19272542001  15.45294
7126.75749015809  20.82496
7128.32225489618  14.03647
7129.88701963426  17.38279
7131.45178437234  9.194895
7133.01654911043  14.72589
7134.58131384851  16.31673
7136.14607858659  23.72433
7137.71084332467  11.81387
7139.27560806276  18.28605
7140.84037280084  17.76299
7142.40513753892  19.28807
7143.969902277  14.33032
7145.53466701509  17.40051
7147.09943175317  24.35793
7148.66419649125  21.1183
7150.22896122934  16.73406
7151.79372596742  12.2968
7153.3584907055  25.01419
7154.92325544359  15.59465
7156.48802018167  11.01914
7158.05278491975  9.839304
7159.61754965784  17.2297
7161.18231439592  24.48735
7162.747079134  19.3061
7164.31184387208  21.03531
7165.87660861017  19.20965
7167.44137334825  20.41892
7169.00613808633  20.41278
7170.57090282441  26.9232
7172.1356675625  17.71849
7173.70043230058  18.86086
7175.26519703866  28.35005
7176.82996177675  -1.959908
7178.39472651483  24.8956
7179.95949125291  1.22051
7181.524255991  12.22824
7183.08902072908  8.610243
7184.65378546716  -24.08478
7186.21855020524  1.387955
7187.78331494333  26.87419
7189.34807968141  30.98269
7190.91284441949  20.43383
7192.47760915758  16.96244
7194.04237389566  23.5947
7195.60713863374  25.08074
7197.17190337182  20.87924
7198.73666810991  30.27887
7200.30143284799  21.1447
7201.86619758607  28.10853
7203.43096232416  27.83869
7204.99572706224  29.98477
7206.56049180032  22.5642
7208.1252565384  15.95726
7209.69002127649  31.13275
7211.25478601457  28.01844
7212.81955075265  26.4094
7214.38431549074  21.82244
7215.94908022882  17.39782
7217.5138449669  31.58932
7219.07860970498  40.33936
7220.64337444307  22.29129
7222.20813918115  27.0153
7223.77290391923  32.78951
7225.33766865732  41.30349
7226.9024333954  26.83251
7228.46719813348  29.97082
7230.03196287156  23.7614
7231.59672760965  27.2504
7233.16149234773  38.70892
7234.72625708581  23.83122
7236.2910218239  19.03085
7237.85578656198  25.15565
7239.42055130006  23.66323
7240.98531603814  47.53853
7242.55008077623  43.2997
7244.11484551431  32.30961
7245.67961025239  39.14846
7247.24437499048  49.71162
7248.80913972856  46.0231
7250.37390446664  -18.68975
7251.93866920473  9.757748
7253.50343394281  38.58473
7255.06819868089  22.45724
7256.63296341897  41.07452
7258.19772815706  48.15327
7259.76249289514  39.90608
7261.32725763322  42.63877
7262.8920223713  54.24133
7264.45678710939  57.94449
7266.02155184747  62.98154
7267.58631658555  34.643
7269.15108132364  31.85268
7270.71584606172  57.92957
7272.2806107998  49.19705
7273.84537553789  63.62003
7275.41014027597  74.19833
7276.97490501405  79.17139
7278.53966975213  86.85178
7280.10443449022  90.42468
7281.6691992283  93.73178
7283.23396396638  107.1352
7284.79872870447  89.17992
7286.36349344255  71.53254
7287.92825818063  110.549
7289.49302291871  109.7134
7291.0577876568  87.29568
7292.62255239488  112.3502
7294.18731713296  128.798
7295.75208187105  111.4021
7297.31684660913  123.9359
7298.88161134721  107.2808
7300.4463760853  147.1042
7302.01114082338  143.8198
7303.57590556146  118.7167
7305.14067029954  165.1856
7306.70543503763  159.282
7308.27019977571  123.0363
7309.83496451379  157.0393
7311.39972925188  172.6251
7312.96449398996  146.9662
7314.52925872804  148.7772
7316.09402346612  165.6014
7317.65878820421  161.0572
7319.22355294229  189.6279
7320.78831768037  166.9372
7322.35308241846  130.4977
7323.91784715654  194.9745
7325.48261189462  181.8192
7327.0473766327  151.2956
7328.61214137079  157.9143
7330.17690610887  200.5145
7331.74167084695  229.8788
7333.30643558503  181.7859
7334.87120032312  145.1179
7336.4359650612  213.5099
7338.00072979928  157.0488
7339.56549453737  151.2329
7341.13025927545  172.8965
7342.69502401353  120.9716
7344.25978875162  64.53476
7345.8245534897  151.4635
7347.38931822778  201.9376
7348.95408296586  231.2068
7350.51884770395  213.3311
7352.08361244203  88.34354
7353.64837718011  171.6406
7355.2131419182  81.91437
7356.77790665628  55.00778
7358.34267139436  91.20911
7359.90743613244  146.2891
7361.47220087053  178.0001
7363.03696560861  -124.9185
7364.60173034669  -92.47636
7366.16649508478  174.7281
7367.73125982286  3.385773
7369.29602456094  222.1547
7370.86078929903  76.23962
7372.42555403711  50.73172
7373.99031877519  0.2243652
7375.55508351327  188.1565
7377.11984825136  121.0353
7378.68461298944  105.1422
7380.24937772752  79.64337
7381.81414246561  204.3954
7383.37890720369  185.6191
7384.94367194177  -55.38629
7386.50843667985  -1.955353
7388.07320141794  130.4891
7389.63796615602  103.0603
7391.2027308941  69.26563
7392.76749563219  -28.50244
7394.33226037027  -261.134
7395.89702510835  129.173
7397.46178984644  56.98669
7399.02655458452  44.5687
7400.5913193226  88.19745
7402.15608406068  -22.26154
7403.72084879877  165.0875
7405.28561353685  129.8101
7406.85037827493  31.0368
7408.41514301301  95.77728
7409.9799077511  52.34738
7411.54467248918  147.3978
7413.10943722726  192.7376
7414.67420196535  232.7558
7416.23896670343  79.18311
7417.80373144151  123.7817
7419.36849617959  64.95355
7420.93326091768  40.3262
7422.49802565576  137.983
7424.06279039384  102.6103
7425.62755513193  113.5963
7427.19231987001  63.66879
7428.75708460809  9.876648
7430.32184934617  127.8807
7431.88661408426  17.34991
7433.45137882234  79.49606
7435.01614356042  45.30283
7436.58090829851  78.3768
7438.14567303659  86.91879
7439.71043777467  201.2466
7441.27520251275  141.4693
7442.83996725084  -40.28995
7444.40473198892  185.409
7445.969496727  44.88196
7447.53426146509  202.9872
7449.09902620317  90.62253
7450.66379094125  -18.81561
7452.22855567934  94.39871
7453.79332041742  -0.3736572
7455.3580851555  63.58362
7456.92284989358  123.9255
7458.48761463167  33.12628
7460.05237936975  140.9568
7461.61714410783  122.2749
7463.18190884592  31.83401
7464.746673584  -1.724548
7466.31143832208  7.357941
7467.87620306016  -140.9659
7469.44096779825  -171.4077
7471.00573253633  -37.39038
7472.57049727441  104.2901
7474.1352620125  42.6893
7475.70002675058  188.4606
7477.26479148866  27.18921
7478.82955622675  131.3813
7480.39432096483  164.5464
7481.95908570291  101.1279
7483.52385044099  65.63644
7485.08861517908  39.42587
7486.65337991716  86.21552
7488.21814465524  27.03577
7489.78290939332  97.48907
7491.34767413141  95.04404
7492.91243886949  79.2919
7494.47720360757  47.87326
7496.04196834566  61.39233
7497.60673308374  36.9201
7499.17149782182  -8.054565
7500.7362625599  41.21179
7502.30102729799  64.50067
7503.86579203607  -1.765381
7505.43055677415  47.30255
7506.99532151224  -58.53741
7508.56008625032  7.618988
7510.1248509884  -36.45041
7511.68961572649  26.74066
7513.25438046457  -51.88043
7514.81914520265  -72.4949
7516.38390994073  9.009705
7517.94867467882  109.7869
7519.5134394169  73.03854
7521.07820415498  50.36832
7522.64296889307  86.57455
7524.20773363115  50.85948
7525.77249836923  29.716
7527.33726310731  -17.44193
7528.9020278454  -52.34369
7530.46679258348  101.1759
7532.03155732156  59.48129
7533.59632205965  -42.58682
7535.16108679773  54.202
7536.72585153581  59.40903
7538.29061627389  5.827942
7539.85538101198  44.64749
7541.42014575006  7.526947
7542.98491048814  58.20413
7544.54967522622  128.7412
7546.11443996431  -22.05063
7547.67920470239  -44.53619
7549.24396944047  39.09558
7550.80873417856  55.32695
7552.37349891664  78.58644
7553.93826365472  48.89317
7555.50302839281  67.0369
7557.06779313089  41.6283
7558.63255786897  23.60492
7560.19732260705  32.5831
7561.76208734514  74.41591
7563.32685208322  109.049
7564.8916168213  32.80054
7566.45638155939  71.03416
7568.02114629747  62.64517
7569.58591103555  -90.77039
7571.15067577364  -5.53952
7572.71544051172  83.63765
7574.2802052498  28.87303
7575.84496998788  9.566467
7577.40973472597  73.05748
7578.97449946405  92.44496
7580.53926420213  59.12213
7582.10402894021  79.04729
7583.6687936783  -38.6398
7585.23355841638  -25.96788
7586.79832315446  -97.23657
7588.36308789255  -183.8003
7589.92785263063  -94.59807
7591.49261736871  -29.80923
7593.0573821068  -74.25104
7594.62214684488  -189.8631
7596.18691158296  -69.05559
7597.75167632104  78.79492
7599.31644105913  -119.0908
7600.88120579721  -678.9989
7602.44597053529  -759.6176
7604.01073527338  -425.5943
7605.57550001146  -603.303
7607.14026474954  -665.5396
7608.70502948763  141.1412
7610.26979422571  -7.791031
7611.83455896379  2.455765
7613.39932370187  -35.53506
7614.96408843996  88.52513
7616.52885317804  -7.168732
7618.09361791612  14.26685
7619.6583826542  41.2003
7621.22314739229  17.54124
7622.78791213037  -5.920822
7624.35267686845  23.1778
7625.91744160654  29.08548
7627.48220634462  71.76709
7629.0469710827  -38.06204
7630.61173582078  -4.325287
7632.17650055887  51.40652
7633.74126529695  26.67891
7635.30603003503  76.92438
7636.87079477312  49.89383
7638.4355595112  9.89505
7640.00032424928  28.44646
7641.56508898737  52.25383
7643.12985372545  68.80133
7644.69461846353  22.00238
7646.25938320162  58.26918
7647.8241479397  68.80779
7649.38891267778  55.74858
7650.95367741586  -11.28578
7652.51844215395  105.6434
7654.08320689203  -0.7301941
7655.64797163011  33.69957
7657.21273636819  77.08798
7658.77750110628  26.91908
7660.34226584436  -19.903
7661.90703058244  11.86128
7663.47179532053  71.07642
7665.03656005861  14.52072
7666.60132479669  -28.47646
7668.16608953477  32.18709
7669.73085427286  53.60707
7671.29561901094  17.39694
7672.86038374902  45.86134
7674.42514848711  37.6627
7675.98991322519  19.63696
7677.55467796327  26.92946
7679.11944270135  29.84061
7680.68420743944  29.71857
7682.24897217752  1.987
7683.8137369156  -64.90988
7685.37850165369  2.932335
7686.94326639177  7.323212
7688.50803112985  3.471123
7690.07279586793  25.72309
7691.63756060602  -5.88237
7693.2023253441  30.9072
7694.76709008218  42.28151
7696.33185482027  21.18967
7697.89661955835  29.29568
7699.46138429643  -7.131348
7701.02614903451  13.88407
7702.5909137726  26.63994
7704.15567851068  13.24823
7705.72044324876  34.39758
7707.28520798685  -30.47369
7708.84997272493  26.13129
7710.41473746301  36.82786
7711.97950220109  14.61805
7713.54426693918  -47.10042
7715.10903167726  13.86152
7716.67379641534  2.334373
7718.23856115343  -30.04476
7719.80332589151  13.63237
7721.36809062959  -15.98212
7722.93285536768  25.16998
7724.49762010576  47.35921
7726.06238484384  -6.253777
7727.62714958193  1.0849
7729.19191432001  37.009
7730.75667905809  24.91134
7732.32144379617  40.01418
7733.88620853426  -34.78416
7735.45097327234  -17.89183
7737.01573801042  -27.30868
7738.5805027485  -21.21976
7740.14526748659  -206.8362
7741.71003222467  -36.67542
7743.27479696275  3.591339
7744.83956170083  31.04486
7746.40432643892  2.375397
7747.969091177  -11.76714
7749.53385591508  -15.57741
7751.09862065317  16.5968
7752.66338539125  39.45223
7754.22815012933  -29.43845
7755.79291486742  20.66959
7757.3576796055  23.45528
7758.92244434358  1.950996
7760.48720908167  -22.05067
7762.05197381975  2.904648
7763.61673855783  -5.851311
7765.18150329591  -1.729156
7766.746268034  29.51094
7768.31103277208  -15.32376
7769.87579751016  -34.82006
7771.44056224824  -7.214424
7773.00532698633  -37.99883
7774.57009172441  -3.859123
7776.13485646249  30.26801
7777.69962120058  14.21579
7779.26438593866  0.8867569
7780.82915067674  4.082344
7782.39391541483  3.526363
7783.95868015291  6.473362
7785.52344489099  13.6118
7787.08820962907  8.545982
7788.65297436716  18.45921
7790.21773910524  -6.566586
7791.78250384332  -13.6522
7793.34726858141  7.324146
7794.91203331949  -10.69379
7796.47679805757  9.634327
7798.04156279566  2.735325
7799.60632753374  -0.2005119
7801.17109227182  11.95896
7802.7358570099  -23.19654
7804.30062174799  -20.50335
7805.86538648607  -5.699158
7807.43015122415  -1.179214
7808.99491596223  10.49035
7810.55968070032  -9.053604
7812.1244454384  -17.82817
7813.68921017648  7.751495
7815.25397491456  -6.879562
7816.81873965265  -14.08299
7818.38350439073  4.062767
7819.94826912882  15.26598
7821.5130338669  6.294655
7823.07779860498  -18.51667
7824.64256334306  -6.412666
7826.20732808115  10.1825
7827.77209281923  11.0326
7829.33685755731  2.722183
7830.90162229539  -1.731094
7832.46638703348  10.37276
7834.03115177156  -1.985111
7835.59591650964  -5.578773
7837.16068124773  8.117344
7838.72544598581  -4.436707
7840.29021072389  -12.14006
7841.85497546198  -2.787224
7843.41974020006  -0.1084175
7844.98450493814  -0.6866913
7846.54926967622  -9.109692
7848.11403441431  0.1682205
7849.67879915239  -4.18145
7851.24356389047  -4.49976
7852.80832862856  4.730892
7854.37309336664  -7.869095
7855.93785810472  -5.547249
7857.50262284281  -1.97275
7859.06738758089  -0.5649261
7860.63215231897  6.19331
7862.19691705705  8.821276
7863.76168179514  -6.256912
7865.32644653322  -5.250769
7866.8912112713  4.733103
7868.45597600938  12.87939
7870.02074074747  3.493385
7871.58550548555  3.205198
7873.15027022363  -0.6288452
7874.71503496172  -3.806578
7876.2797996998  12.96923
7877.84456443788  12.76433
7879.40932917597  0.3264275
7880.97409391405  4.587639
7882.53885865213  -7.599558
7884.10362339021  -0.8793259
7885.6683881283  2.443138
7887.23315286638  -3.27667
7888.79791760446  2.011604
7890.36268234255  0.7942848
7891.92744708063  3.903734
7893.49221181871  -0.1617374
7895.05697655679  1.542742
7896.62174129488  11.3038
7898.18650603296  3.076115
7899.75127077104  -10.00421
7901.31603550912  2.23138
7902.88080024721  0.5028667
7904.44556498529  1.155083
7906.01032972337  8.563528
7907.57509446146  8.781368
7909.13985919954  -6.195333
7910.70462393762  2.179657
7912.26938867571  -3.517279
7913.83415341379  -0.5430393
7915.39891815187  -3.479067
7916.96368288996  8.093967
7918.52844762804  5.802821
7920.09321236612  -5.193085
7921.6579771042  -1.973236
7923.22274184229  -1.898024
7924.78750658037  5.357216
7926.35227131845  4.987228
7927.91703605653  0.3800621
7929.48180079462  3.83988
7931.0465655327  4.957241
7932.61133027078  -3.226332
7934.17609500887  -2.937243
7935.74085974695  2.82266
7937.30562448503  -4.676252
7938.87038922311  -0.2508545
7940.4351539612  -0.3268166
7941.99991869928  -4.204704
7943.56468343736  8.998856
7945.12944817545  -4.776381
7946.69421291353  -2.134169
7948.25897765161  -6.870188
7949.8237423897  -3.940981
7951.38850712778  -34.15266
7952.95327186586  -50.96894
7954.51803660394  -1.17482
7956.08280134203  3.259895
7957.64756608011  1.692917
7959.21233081819  9.910484
7960.77709555628  0.2019215
7962.34186029436  -9.565571
7963.90662503244  2.082788
7965.47138977052  -9.850191
7967.03615450861  8.096949
7968.60091924669  6.711432
7970.16568398477  7.516926
7971.73044872286  1.224751
